# ell - Cell - Cell window conv.
0.000000000000000000e+00 0.000000000000000000e+00 2.289385733736031683e-06
1.000000000000000000e+00 2.952412205000000010e-06 2.999128554549108416e-06
2.000000000000000000e+00 2.991030185999999844e-06 2.854811715252173996e-06
3.000000000000000000e+00 3.022141723999999989e-06 3.029519314394893469e-06
4.000000000000000000e+00 3.051890397000000163e-06 3.038601065508007967e-06
5.000000000000000000e+00 3.082446376999999904e-06 3.097831413612028034e-06
6.000000000000000000e+00 3.114358084000000193e-06 3.125040851627963334e-06
7.000000000000000000e+00 3.147573625000000087e-06 3.157128883841706036e-06
8.000000000000000000e+00 3.181481828999999995e-06 3.186513868040427419e-06
9.000000000000000000e+00 3.215489740000000012e-06 3.215466257396616250e-06
1.000000000000000000e+01 3.248987472999999917e-06 3.244367416737623585e-06
1.100000000000000000e+01 3.281346227999999801e-06 3.271557234790572510e-06
1.200000000000000000e+01 3.312179118000000086e-06 3.298236855217591328e-06
1.300000000000000000e+01 3.341121182999999947e-06 3.322630143812959707e-06
1.400000000000000000e+01 3.367819170999999948e-06 3.345770658153323002e-06
1.500000000000000000e+01 3.392097930999999900e-06 3.366255139624275846e-06
1.600000000000000000e+01 3.413772886999999834e-06 3.384899188209419580e-06
1.700000000000000000e+01 3.432543794000000002e-06 3.400627874731302196e-06
1.800000000000000000e+01 3.448181148000000092e-06 3.414082697075742400e-06
1.900000000000000000e+01 3.460632634999999857e-06 3.424523715767322216e-06
2.000000000000000000e+01 3.469988039000000151e-06 3.432534479481244721e-06
2.100000000000000000e+01 3.476415477000000001e-06 3.437629796855080614e-06
2.200000000000000000e+01 3.480080146000000124e-06 3.440312939339231554e-06
2.300000000000000000e+01 3.481044454999999797e-06 3.440214142877939018e-06
2.400000000000000000e+01 3.479286370000000195e-06 3.437711537722302217e-06
2.500000000000000000e+01 3.474757298999999964e-06 3.432502273990262246e-06
2.600000000000000000e+01 3.467443091000000180e-06 3.424899468266666935e-06
2.700000000000000000e+01 3.457390557999999977e-06 3.414698243706134711e-06
2.800000000000000000e+01 3.444705908000000072e-06 3.402204621103709383e-06
2.900000000000000000e+01 3.429532372999999958e-06 3.387308484287680786e-06
3.000000000000000000e+01 3.412024246000000185e-06 3.370306144297117132e-06
3.100000000000000000e+01 3.392330219000000149e-06 3.351142907041224127e-06
3.200000000000000000e+01 3.370566433000000069e-06 3.330083047249171378e-06
3.300000000000000000e+01 3.346859364999999967e-06 3.307098268580661974e-06
3.400000000000000000e+01 3.321315112000000048e-06 3.282424263952184186e-06
3.500000000000000000e+01 3.294043836999999811e-06 3.256049753661826858e-06
3.600000000000000000e+01 3.265159643999999817e-06 3.228191808494957983e-06
3.700000000000000000e+01 3.234778799000000208e-06 3.198857544829156876e-06
3.800000000000000000e+01 3.203019670000000071e-06 3.168249697424857933e-06
3.900000000000000000e+01 3.170000934999999828e-06 3.136390816881833174e-06
4.000000000000000000e+01 3.135840276000000102e-06 3.103470048215699691e-06
4.100000000000000000e+01 3.100653455999999951e-06 3.069520238647587118e-06
4.200000000000000000e+01 3.064553505000000064e-06 3.034716623687148899e-06
4.300000000000000000e+01 3.027650962000000031e-06 2.999098043553230679e-06
4.400000000000000000e+01 2.990053008000000181e-06 2.962826049556768921e-06
4.500000000000000000e+01 2.951863278999999947e-06 2.925942505441258996e-06
4.600000000000000000e+01 2.913181891999999866e-06 2.888595862639320341e-06
4.700000000000000000e+01 2.874106955000000071e-06 2.850829226864229215e-06
4.800000000000000000e+01 2.834734332000000176e-06 2.812778829443136039e-06
4.900000000000000000e+01 2.795156077000000166e-06 2.774487034868179600e-06
5.000000000000000000e+01 2.755458438999999822e-06 2.736077129979041643e-06
5.100000000000000000e+01 2.715723287999999878e-06 2.697588152182726206e-06
5.200000000000000000e+01 2.676028921999999969e-06 2.659130363448210669e-06
5.300000000000000000e+01 2.636447888999999834e-06 2.620737947892844583e-06
5.400000000000000000e+01 2.597045716000000108e-06 2.582507585767305689e-06
5.500000000000000000e+01 2.557881295000000124e-06 2.544467411789873045e-06
5.600000000000000000e+01 2.519009865000000042e-06 2.506701721175796039e-06
5.700000000000000000e+01 2.480484014000000043e-06 2.469233655946850075e-06
5.800000000000000000e+01 2.442352910000000182e-06 2.432136722168538367e-06
5.900000000000000000e+01 2.404660225999999960e-06 2.395428828790331649e-06
6.000000000000000000e+01 2.367444257999999804e-06 2.359172959039971546e-06
6.100000000000000000e+01 2.330738487999999833e-06 2.323382178122065497e-06
6.200000000000000000e+01 2.294572606999999860e-06 2.288111095056779021e-06
6.300000000000000000e+01 2.258974496000000121e-06 2.253370484886800690e-06
6.400000000000000000e+01 2.223972403000000169e-06 2.219210385681408093e-06
6.500000000000000000e+01 2.189597657000000043e-06 2.185642437641261091e-06
6.600000000000000000e+01 2.155884075999999809e-06 2.152714513942874908e-06
6.700000000000000000e+01 2.122865958000000005e-06 2.120438655479705032e-06
6.800000000000000000e+01 2.090575065999999913e-06 2.088858233628416312e-06
6.900000000000000000e+01 2.059039584000000126e-06 2.057981793746581565e-06
7.000000000000000000e+01 2.028282838999999818e-06 2.027844764067874922e-06
7.100000000000000000e+01 1.998322209999999880e-06 1.998448987007845361e-06
7.200000000000000000e+01 1.969168957999999976e-06 1.969820020465052811e-06
7.300000000000000000e+01 1.940828845999999939e-06 1.941952147263824453e-06
7.400000000000000000e+01 1.913303843999999928e-06 1.914861783987149182e-06
7.500000000000000000e+01 1.886592408999999958e-06 1.888536978051386198e-06
7.600000000000000000e+01 1.860690008999999894e-06 1.862986676306083555e-06
7.700000000000000000e+01 1.835588724999999916e-06 1.838194050537518054e-06
7.800000000000000000e+01 1.811278564999999986e-06 1.814162050532737678e-06
7.900000000000000000e+01 1.787747982999999940e-06 1.790870398968711410e-06
8.000000000000000000e+01 1.764983704000000009e-06 1.768317427054263556e-06
8.100000000000000000e+01 1.742970491000000083e-06 1.746480215190478061e-06
8.200000000000000000e+01 1.721691558000000047e-06 1.725353316205543436e-06
8.300000000000000000e+01 1.701129592000000095e-06 1.704912008619333672e-06
8.400000000000000000e+01 1.681266215999999951e-06 1.685148034614032753e-06
8.500000000000000000e+01 1.662082189999999915e-06 1.666035395356798209e-06
8.600000000000000000e+01 1.643557065000000029e-06 1.647563597819859167e-06
8.700000000000000000e+01 1.625670266999999987e-06 1.629705861822400614e-06
8.800000000000000000e+01 1.608401248999999901e-06 1.612450212889646372e-06
8.900000000000000000e+01 1.591729152999999918e-06 1.595769538977746297e-06
9.000000000000000000e+01 1.575632281000000103e-06 1.579650626556676969e-06
9.100000000000000000e+01 1.560088397000000051e-06 1.564066136262657467e-06
9.200000000000000000e+01 1.545075886999999919e-06 1.549002091255469136e-06
9.300000000000000000e+01 1.530573156999999938e-06 1.534431442736193391e-06
9.400000000000000000e+01 1.516558535000000055e-06 1.520339715152390166e-06
9.500000000000000000e+01 1.503009918999999928e-06 1.506700225982340301e-06
9.600000000000000000e+01 1.489905917000000097e-06 1.493498233718411863e-06
9.700000000000000000e+01 1.477225735000000093e-06 1.480707743494852630e-06
9.800000000000000000e+01 1.464948602000000063e-06 1.468313841578707634e-06
9.900000000000000000e+01 1.453053239000000002e-06 1.456290982609482598e-06
1.000000000000000000e+02 1.441518038999999987e-06 1.444623925743683253e-06
1.010000000000000000e+02 1.430322273000000105e-06 1.433287735271528039e-06
1.020000000000000000e+02 1.419445292000000096e-06 1.422267206067940902e-06
1.030000000000000000e+02 1.408866963999999987e-06 1.411538083940662202e-06
1.040000000000000000e+02 1.398566430000000029e-06 1.401085253179737209e-06
1.050000000000000000e+02 1.388523583000000022e-06 1.390885095228400030e-06
1.060000000000000000e+02 1.378719212000000053e-06 1.380922932599210961e-06
1.070000000000000000e+02 1.369134412999999946e-06 1.371175926200186515e-06
1.080000000000000000e+02 1.359749877000000066e-06 1.361629627594311159e-06
1.090000000000000000e+02 1.350545917999999943e-06 1.352261755582732225e-06
1.100000000000000000e+02 1.341503787999999965e-06 1.343058267223289132e-06
1.110000000000000000e+02 1.332605344999999968e-06 1.333997914665560914e-06
1.120000000000000000e+02 1.323832935999999973e-06 1.325067348844061299e-06
1.130000000000000000e+02 1.315168800999999929e-06 1.316246468864462129e-06
1.140000000000000000e+02 1.306596145999999903e-06 1.307522816793388388e-06
1.150000000000000000e+02 1.298099448000000020e-06 1.298877871751420134e-06
1.160000000000000000e+02 1.289663941999999975e-06 1.290300367912482668e-06
1.170000000000000000e+02 1.281275133999999920e-06 1.281773312019153022e-06
1.180000000000000000e+02 1.272918770000000031e-06 1.273286557772006785e-06
1.190000000000000000e+02 1.264582077000000029e-06 1.264824803422472107e-06
1.200000000000000000e+02 1.256253332999999957e-06 1.256379420692143700e-06
1.210000000000000000e+02 1.247921671000000099e-06 1.247936891012821791e-06
1.220000000000000000e+02 1.239576469000000042e-06 1.239490034404769525e-06
1.230000000000000000e+02 1.231208241000000103e-06 1.231027059704651531e-06
1.240000000000000000e+02 1.222808981000000038e-06 1.222542445730509446e-06
1.250000000000000000e+02 1.214371474000000041e-06 1.214026194177796964e-06
1.260000000000000000e+02 1.205888835999999914e-06 1.205474212545506357e-06
1.270000000000000000e+02 1.197354386000000093e-06 1.196878054380841620e-06
1.280000000000000000e+02 1.188763026000000083e-06 1.188235126512500520e-06
1.290000000000000000e+02 1.180110863999999955e-06 1.179538850074544402e-06
1.300000000000000000e+02 1.171394846000000065e-06 1.170788141587327931e-06
1.310000000000000000e+02 1.162612045000000066e-06 1.161978028979258152e-06
1.320000000000000000e+02 1.153760381000000035e-06 1.153108699780614473e-06
1.330000000000000000e+02 1.144839205999999952e-06 1.144176815070917681e-06
1.340000000000000000e+02 1.135848540000000100e-06 1.135183809067331686e-06
1.350000000000000000e+02 1.126788569999999994e-06 1.126127588094396765e-06
1.360000000000000000e+02 1.117659219999999993e-06 1.117010412230745678e-06
1.370000000000000000e+02 1.108461468999999943e-06 1.107831276782160134e-06
1.380000000000000000e+02 1.099197168000000099e-06 1.098593484632713102e-06
1.390000000000000000e+02 1.089868688999999960e-06 1.089297137187529902e-06
1.400000000000000000e+02 1.080478301999999926e-06 1.079946391220410748e-06
1.410000000000000000e+02 1.071028661999999993e-06 1.070542277387503707e-06
1.420000000000000000e+02 1.061523682999999958e-06 1.061089916010951018e-06
1.430000000000000000e+02 1.051967826999999915e-06 1.051591395687002629e-06
1.440000000000000000e+02 1.042365717000000010e-06 1.042052564380667221e-06
1.450000000000000000e+02 1.032721578000000006e-06 1.032476220864220507e-06
1.460000000000000000e+02 1.023040455999999994e-06 1.022868767345514137e-06
1.470000000000000000e+02 1.013328221999999991e-06 1.013233864491697453e-06
1.480000000000000000e+02 1.003590997999999970e-06 1.003578432300321799e-06
1.490000000000000000e+02 9.938345315000000791e-07 9.939066716495568292e-07
1.500000000000000000e+02 9.840643852000000532e-07 9.842257402770119856e-07
1.510000000000000000e+02 9.742871352000001037e-07 9.745403900902131666e-07
1.520000000000000000e+02 9.645097825999999726e-07 9.648582957764696842e-07
1.530000000000000000e+02 9.547393584000000715e-07 9.551844832971490216e-07
1.540000000000000000e+02 9.449822403999999883e-07 9.455272971201668824e-07
1.550000000000000000e+02 9.352451932000000364e-07 9.358908492800235410e-07
1.560000000000000000e+02 9.255357562999999837e-07 9.262860808813673609e-07
1.570000000000000000e+02 9.158615545999999927e-07 9.167126961580876288e-07
1.580000000000000000e+02 9.062461399999999792e-07 9.071895985645666599e-07
1.590000000000000000e+02 8.966468656999999741e-07 8.977047311779076314e-07
1.600000000000000000e+02 8.871200554000000396e-07 8.882835485656172256e-07
1.610000000000000000e+02 8.776567504999999506e-07 8.789208021914303285e-07
1.620000000000000000e+02 8.682641890999999910e-07 8.696300372694254186e-07
1.630000000000000000e+02 8.589487198999999926e-07 8.604136981936099015e-07
1.640000000000000000e+02 8.497164768999999718e-07 8.512802647106727013e-07
1.650000000000000000e+02 8.405741945999999529e-07 8.422342808536235051e-07
1.660000000000000000e+02 8.315284975999999532e-07 8.332827906092163411e-07
1.670000000000000000e+02 8.225854625999999823e-07 8.244304371105450804e-07
1.680000000000000000e+02 8.137501079000000436e-07 8.156834608010643767e-07
1.690000000000000000e+02 8.050276731999999692e-07 8.070460182416976999e-07
1.700000000000000000e+02 7.964236022000000139e-07 7.985238877922622065e-07
1.710000000000000000e+02 7.879429797000000516e-07 7.901206797105434463e-07
1.720000000000000000e+02 7.795899078999999704e-07 7.818414669293481807e-07
1.730000000000000000e+02 7.713677298000000386e-07 7.736890705138987565e-07
1.740000000000000000e+02 7.632802695999999830e-07 7.656679649488937142e-07
1.750000000000000000e+02 7.553312777000000462e-07 7.577804660312368244e-07
1.760000000000000000e+02 7.475240174999999748e-07 7.500303700802377029e-07
1.770000000000000000e+02 7.398605562000000043e-07 7.424192285528781566e-07
1.780000000000000000e+02 7.323427602000000016e-07 7.349500080444333128e-07
1.790000000000000000e+02 7.249728238999999648e-07 7.276237296947809198e-07
1.800000000000000000e+02 7.177526176000000187e-07 7.204427058422796397e-07
1.810000000000000000e+02 7.106832191000000072e-07 7.134072765246508830e-07
1.820000000000000000e+02 7.037646824000000202e-07 7.065189182492424577e-07
1.830000000000000000e+02 6.969974540000000365e-07 6.997773679547200719e-07
1.840000000000000000e+02 6.903821457999999779e-07 6.931836397925985164e-07
1.850000000000000000e+02 6.839190273999999967e-07 6.867369302757154195e-07
1.860000000000000000e+02 6.776073252999999869e-07 6.804375816800026394e-07
1.870000000000000000e+02 6.714457145000000125e-07 6.742840791243855178e-07
1.880000000000000000e+02 6.654333927000000114e-07 6.682762884120637218e-07
1.890000000000000000e+02 6.595694592000000090e-07 6.624122961725191487e-07
1.900000000000000000e+02 6.538525389000000253e-07 6.566914490511057342e-07
1.910000000000000000e+02 6.482802106000000230e-07 6.511112748985538595e-07
1.920000000000000000e+02 6.428502229999999776e-07 6.456705981649165565e-07
1.930000000000000000e+02 6.375608348000000207e-07 6.403667462403494215e-07
1.940000000000000000e+02 6.324101709000000525e-07 6.351982129960048099e-07
1.950000000000000000e+02 6.273956611000000246e-07 6.301619557235390083e-07
1.960000000000000000e+02 6.225139164000000312e-07 6.252559285804975935e-07
1.970000000000000000e+02 6.177620999999999887e-07 6.204767868747070978e-07
1.980000000000000000e+02 6.131375863999999551e-07 6.158222957761900547e-07
1.990000000000000000e+02 6.086375167000000100e-07 6.112888512274263123e-07
2.000000000000000000e+02 6.042581372999999628e-07 6.068738619815318371e-07
2.010000000000000000e+02 5.999954732000000055e-07 6.025733704997722268e-07
2.020000000000000000e+02 5.958463222999999892e-07 5.983847051609135585e-07
2.030000000000000000e+02 5.918075919000000348e-07 5.943038751007306890e-07
2.040000000000000000e+02 5.878758640000000255e-07 5.903280449585566581e-07
2.050000000000000000e+02 5.840468221999999949e-07 5.864529729217595652e-07
2.060000000000000000e+02 5.803164905000000255e-07 5.826756029278953261e-07
2.070000000000000000e+02 5.766814860999999588e-07 5.789917539464291184e-07
2.080000000000000000e+02 5.731383758000000040e-07 5.753982903945947139e-07
2.090000000000000000e+02 5.696831094000000381e-07 5.718909060744093285e-07
2.100000000000000000e+02 5.663109783000000059e-07 5.684661982545015640e-07
2.110000000000000000e+02 5.630180257999999646e-07 5.651198561861919513e-07
2.120000000000000000e+02 5.598007115999999787e-07 5.618486095092231865e-07
2.130000000000000000e+02 5.566554505000000235e-07 5.586482039260642803e-07
2.140000000000000000e+02 5.535779259999999522e-07 5.555153232515315312e-07
2.150000000000000000e+02 5.505637404000000223e-07 5.524456383642838364e-07
2.160000000000000000e+02 5.476093965999999678e-07 5.494360128739263107e-07
2.170000000000000000e+02 5.447116007999999530e-07 5.464823099239129054e-07
2.180000000000000000e+02 5.418667949000000198e-07 5.435814383212031285e-07
2.190000000000000000e+02 5.390705741000000083e-07 5.407292052360773203e-07
2.200000000000000000e+02 5.363189415999999679e-07 5.379225069622605301e-07
2.210000000000000000e+02 5.336086760999999552e-07 5.351574447696054289e-07
2.220000000000000000e+02 5.309366946000000101e-07 5.324311043596303288e-07
2.230000000000000000e+02 5.282994951000000285e-07 5.297397272403805321e-07
2.240000000000000000e+02 5.256930215000000459e-07 5.270803928327275382e-07
2.250000000000000000e+02 5.231140629000000299e-07 5.244495518828848611e-07
2.260000000000000000e+02 5.205599591000000290e-07 5.218446272522929146e-07
2.270000000000000000e+02 5.180280639000000368e-07 5.192622927583587174e-07
2.280000000000000000e+02 5.155150484999999849e-07 5.167000798538470460e-07
2.290000000000000000e+02 5.130174361000000089e-07 5.141547125554431536e-07
2.300000000000000000e+02 5.105327487999999824e-07 5.116240432336153659e-07
2.310000000000000000e+02 5.080588876999999891e-07 5.091051759609992761e-07
2.320000000000000000e+02 5.055936754999999553e-07 5.065961993006317124e-07
2.330000000000000000e+02 5.031342028000000422e-07 5.040943738768804730e-07
2.340000000000000000e+02 5.006779313999999997e-07 5.015978698760970736e-07
2.350000000000000000e+02 4.982232294000000174e-07 4.991044958323870223e-07
2.360000000000000000e+02 4.957686661999999670e-07 4.966124987579683396e-07
2.370000000000000000e+02 4.933124792999999663e-07 4.941204120650335940e-07
2.380000000000000000e+02 4.908505395999999980e-07 4.916257147556075785e-07
2.390000000000000000e+02 4.883864287000000522e-07 4.891284153252386892e-07
2.400000000000000000e+02 4.859140509000000503e-07 4.866257155693818249e-07
2.410000000000000000e+02 4.834343408999999842e-07 4.841172179593778250e-07
2.420000000000000000e+02 4.809459266999999592e-07 4.816015452531300431e-07
2.430000000000000000e+02 4.784471063000000482e-07 4.790775425222816301e-07
2.440000000000000000e+02 4.759371695999999833e-07 4.765446391559900085e-07
2.450000000000000000e+02 4.734158961999999922e-07 4.740018628524754654e-07
2.460000000000000000e+02 4.708830644000000225e-07 4.714490263867902006e-07
2.470000000000000000e+02 4.683377370999999886e-07 4.688852666013431975e-07
2.480000000000000000e+02 4.657790994999999950e-07 4.663105054519669109e-07
2.490000000000000000e+02 4.632073218999999817e-07 4.637242591253000126e-07
2.500000000000000000e+02 4.606228347999999752e-07 4.611267662618587752e-07
2.510000000000000000e+02 4.580258121000000027e-07 4.585177395442997286e-07
2.520000000000000000e+02 4.554156300999999828e-07 4.558974482558588019e-07
2.530000000000000000e+02 4.527921782000000227e-07 4.532657271229262845e-07
2.540000000000000000e+02 4.501561918000000158e-07 4.506232164302416114e-07
2.550000000000000000e+02 4.475085805000000008e-07 4.479700313210653642e-07
2.560000000000000000e+02 4.448498228000000193e-07 4.453069710613594165e-07
2.570000000000000000e+02 4.421798058000000006e-07 4.426341716222137567e-07
2.580000000000000000e+02 4.394992399000000122e-07 4.399526057366525820e-07
2.590000000000000000e+02 4.368094234999999785e-07 4.372627472320024812e-07
2.600000000000000000e+02 4.341116455000000009e-07 4.345657248746518393e-07
2.610000000000000000e+02 4.314064707000000212e-07 4.318620609794971596e-07
2.620000000000000000e+02 4.286941364000000109e-07 4.291528022772232970e-07
2.630000000000000000e+02 4.259758184000000105e-07 4.264386678538007215e-07
2.640000000000000000e+02 4.232530726999999999e-07 4.237209445603009340e-07
2.650000000000000000e+02 4.205273263000000205e-07 4.210004601370858758e-07
2.660000000000000000e+02 4.177991632999999887e-07 4.182784644321473133e-07
2.670000000000000000e+02 4.150692387000000042e-07 4.155557222136477982e-07
2.680000000000000000e+02 4.123391056000000045e-07 4.128336899476518980e-07
2.690000000000000000e+02 4.096104960999999942e-07 4.101132962183452442e-07
2.700000000000000000e+02 4.068847964000000147e-07 4.073960182884693684e-07
2.710000000000000000e+02 4.041625266999999838e-07 4.046826674242490855e-07
2.720000000000000000e+02 4.014446562000000186e-07 4.019746641368710713e-07
2.730000000000000000e+02 3.987329259999999973e-07 3.992730295193084129e-07
2.740000000000000000e+02 3.960291311999999943e-07 3.965792552933305990e-07
2.750000000000000000e+02 3.933344877000000051e-07 3.938943195994284736e-07
2.760000000000000000e+02 3.906494452000000092e-07 3.912194987788001129e-07
2.770000000000000000e+02 3.879751376999999909e-07 3.885557384912358358e-07
2.780000000000000000e+02 3.853132443999999959e-07 3.859044567219039452e-07
2.790000000000000000e+02 3.826653825000000035e-07 3.832666075188618280e-07
2.800000000000000000e+02 3.800324110000000065e-07 3.806435020045270706e-07
2.810000000000000000e+02 3.774147304999999968e-07 3.780358825361948908e-07
2.820000000000000000e+02 3.748136218000000254e-07 3.754450970406970139e-07
2.830000000000000000e+02 3.722307414999999818e-07 3.728720151996393461e-07
2.840000000000000000e+02 3.696675554999999743e-07 3.703179397362863389e-07
2.850000000000000000e+02 3.671245931999999963e-07 3.677835651579162599e-07
2.860000000000000000e+02 3.646022150000000103e-07 3.652699411069118489e-07
2.870000000000000000e+02 3.621016398000000230e-07 3.627778094687761602e-07
2.880000000000000000e+02 3.596242666999999954e-07 3.603082500633926139e-07
2.890000000000000000e+02 3.571711454999999877e-07 3.578619108174046840e-07
2.900000000000000000e+02 3.547423554999999804e-07 3.554396325348564137e-07
2.910000000000000000e+02 3.523381891999999758e-07 3.530418698618482354e-07
2.920000000000000000e+02 3.499597639000000141e-07 3.506695586956031374e-07
2.930000000000000000e+02 3.476082856000000231e-07 3.483231760794333914e-07
2.940000000000000000e+02 3.452844541999999794e-07 3.460035470122286713e-07
2.950000000000000000e+02 3.429880587999999862e-07 3.437108867453845829e-07
2.960000000000000000e+02 3.407193883999999801e-07 3.414458678052379259e-07
2.970000000000000000e+02 3.384793974999999824e-07 3.392088013219195002e-07
2.980000000000000000e+02 3.362690076000000008e-07 3.370003141462144445e-07
2.990000000000000000e+02 3.340884398999999800e-07 3.348205632935974556e-07
3.000000000000000000e+02 3.319371659999999831e-07 3.326698692023941039e-07
3.010000000000000000e+02 3.298153796000000141e-07 3.305483005127685265e-07
3.020000000000000000e+02 3.277237868999999770e-07 3.284562580917959212e-07
3.030000000000000000e+02 3.256629757000000031e-07 3.263937508624687436e-07
3.040000000000000000e+02 3.236326861999999862e-07 3.243609997587817474e-07
3.050000000000000000e+02 3.216321719000000244e-07 3.223577344431782474e-07
3.060000000000000000e+02 3.196615582999999905e-07 3.203841682608547473e-07
3.070000000000000000e+02 3.177213550999999759e-07 3.184401260410411469e-07
3.080000000000000000e+02 3.158118756999999844e-07 3.165257588640202001e-07
3.090000000000000000e+02 3.139324907999999992e-07 3.146407053744889164e-07
3.100000000000000000e+02 3.120823790999999950e-07 3.127848611839352460e-07
3.110000000000000000e+02 3.102616184000000000e-07 3.109579164542163198e-07
3.120000000000000000e+02 3.084705159000000060e-07 3.091598180725252094e-07
3.130000000000000000e+02 3.067090370000000254e-07 3.073901685218841855e-07
3.140000000000000000e+02 3.049761399999999957e-07 3.056486799443540812e-07
3.150000000000000000e+02 3.032708884999999823e-07 3.039347455052916313e-07
3.160000000000000000e+02 3.015932352000000148e-07 3.022481809502676938e-07
3.170000000000000000e+02 2.999432953000000242e-07 3.005884442571000037e-07
3.180000000000000000e+02 2.983207547000000144e-07 2.989552855577774103e-07
3.190000000000000000e+02 2.967243583000000172e-07 2.973479524395191310e-07
3.200000000000000000e+02 2.951532519000000151e-07 2.957660649744877122e-07
3.210000000000000000e+02 2.936073893000000099e-07 2.942090246927494349e-07
3.220000000000000000e+02 2.920867812999999983e-07 2.926764889344524283e-07
3.230000000000000000e+02 2.905908423000000056e-07 2.911677745799034300e-07
3.240000000000000000e+02 2.891181172000000260e-07 2.896822940563231851e-07
3.250000000000000000e+02 2.876677684000000176e-07 2.882192903446617178e-07
3.260000000000000000e+02 2.862396648999999817e-07 2.867783399926848560e-07
3.270000000000000000e+02 2.848336789999999950e-07 2.853587260934640438e-07
3.280000000000000000e+02 2.834489807999999799e-07 2.839599451382917030e-07
3.290000000000000000e+02 2.820840544999999858e-07 2.825810685254606900e-07
3.300000000000000000e+02 2.807381944000000047e-07 2.812216044579755951e-07
3.310000000000000000e+02 2.794112987999999957e-07 2.798808204503508468e-07
3.320000000000000000e+02 2.781031981000000107e-07 2.785582617570902433e-07
3.330000000000000000e+02 2.768129006000000099e-07 2.772531110342642100e-07
3.340000000000000000e+02 2.755389159999999764e-07 2.759647069059832264e-07
3.350000000000000000e+02 2.742806706000000102e-07 2.746923045905988840e-07
3.360000000000000000e+02 2.730380784000000113e-07 2.734354263628098041e-07
3.370000000000000000e+02 2.718109063999999812e-07 2.721933584287027596e-07
3.380000000000000000e+02 2.705980107999999957e-07 2.709655173635091532e-07
3.390000000000000000e+02 2.693979693999999883e-07 2.697510134095008961e-07
3.400000000000000000e+02 2.682103457999999854e-07 2.685493933918934260e-07
3.410000000000000000e+02 2.670351055999999893e-07 2.673599611633912765e-07
3.420000000000000000e+02 2.658720002999999985e-07 2.661822993725980874e-07
3.430000000000000000e+02 2.647198297999999796e-07 2.650156086405559903e-07
3.440000000000000000e+02 2.635773461999999797e-07 2.638593311863481386e-07
3.450000000000000000e+02 2.624443020000000010e-07 2.627128498168246946e-07
3.460000000000000000e+02 2.613207549999999992e-07 2.615757805809128590e-07
3.470000000000000000e+02 2.602064434999999883e-07 2.604475308949759315e-07
3.480000000000000000e+02 2.591001191999999824e-07 2.593275822392342356e-07
3.490000000000000000e+02 2.580006893999999988e-07 2.582152327799099877e-07
3.500000000000000000e+02 2.569080463999999751e-07 2.571101744661523534e-07
3.510000000000000000e+02 2.558223264999999926e-07 2.560118769309725921e-07
3.520000000000000000e+02 2.547432715999999941e-07 2.549200578036127718e-07
3.530000000000000000e+02 2.536696697999999983e-07 2.538340560651882774e-07
3.540000000000000000e+02 2.526006685000000150e-07 2.527535243907553123e-07
3.550000000000000000e+02 2.515363576999999998e-07 2.516780428749950192e-07
3.560000000000000000e+02 2.504769938999999833e-07 2.506074116474340510e-07
3.570000000000000000e+02 2.494223232000000186e-07 2.495412172566277068e-07
3.580000000000000000e+02 2.483711614000000029e-07 2.484790970046849051e-07
3.590000000000000000e+02 2.473228388999999740e-07 2.474206005437011652e-07
3.600000000000000000e+02 2.462775743000000050e-07 2.463656107851112509e-07
3.610000000000000000e+02 2.452357054000000084e-07 2.453138159074785281e-07
3.620000000000000000e+02 2.441969826999999791e-07 2.442650969153025865e-07
3.630000000000000000e+02 2.431603062000000032e-07 2.432189820713849092e-07
3.640000000000000000e+02 2.421252369999999921e-07 2.421753538160321168e-07
3.650000000000000000e+02 2.410921579999999900e-07 2.411339965433446688e-07
3.660000000000000000e+02 2.400615058000000137e-07 2.400949067645088930e-07
3.670000000000000000e+02 2.390330272000000025e-07 2.390578451367173009e-07
3.680000000000000000e+02 2.380056856000000128e-07 2.380226256709071924e-07
3.690000000000000000e+02 2.369792140999999978e-07 2.369890381342479568e-07
3.700000000000000000e+02 2.359541083999999979e-07 2.359571478966423472e-07
3.710000000000000000e+02 2.349308786000000054e-07 2.349268510422714559e-07
3.720000000000000000e+02 2.339092778999999880e-07 2.338981755411641824e-07
3.730000000000000000e+02 2.328883733999999972e-07 2.328708376606526502e-07
3.740000000000000000e+02 2.318680893000000124e-07 2.318449201966604802e-07
3.750000000000000000e+02 2.308490434000000086e-07 2.308203853009739856e-07
3.760000000000000000e+02 2.298318066999999926e-07 2.297973956642233649e-07
3.770000000000000000e+02 2.288161111000000030e-07 2.287758502535149975e-07
3.780000000000000000e+02 2.278010855000000085e-07 2.277557152017590558e-07
3.790000000000000000e+02 2.267867803000000122e-07 2.267369652263169128e-07
3.800000000000000000e+02 2.257738886000000081e-07 2.257198023168328678e-07
3.810000000000000000e+02 2.247630206000000023e-07 2.247042754806084695e-07
3.820000000000000000e+02 2.237539001000000092e-07 2.236905103941532398e-07
3.830000000000000000e+02 2.227457466999999985e-07 2.226783674567104094e-07
3.840000000000000000e+02 2.217387539000000104e-07 2.216680686762965213e-07
3.850000000000000000e+02 2.207337047999999950e-07 2.206597035921336812e-07
3.860000000000000000e+02 2.197312479999999970e-07 2.196535467539736562e-07
3.870000000000000000e+02 2.187310863000000076e-07 2.186495864682644793e-07
3.880000000000000000e+02 2.177324906000000079e-07 2.176478923088901219e-07
3.890000000000000000e+02 2.167357302000000060e-07 2.166485548959367320e-07
3.900000000000000000e+02 2.157416140999999982e-07 2.156518514150237175e-07
3.910000000000000000e+02 2.147507748000000027e-07 2.146579110054104596e-07
3.920000000000000000e+02 2.137628634999999877e-07 2.136668909833405875e-07
3.930000000000000000e+02 2.127771836999999941e-07 2.126787231194800811e-07
3.940000000000000000e+02 2.117940728000000071e-07 2.116936851438345441e-07
3.950000000000000000e+02 2.108143835000000124e-07 2.107119196496751028e-07
3.960000000000000000e+02 2.098387628000000010e-07 2.097337374716812182e-07
3.970000000000000000e+02 2.088668477000000062e-07 2.087591522995844814e-07
3.980000000000000000e+02 2.078979871000000007e-07 2.077882726026124201e-07
3.990000000000000000e+02 2.069325703000000045e-07 2.068212357655298241e-07
4.000000000000000000e+02 2.059714597000000012e-07 2.058583387348513988e-07
4.010000000000000000e+02 2.050152654999999967e-07 2.048997323604061620e-07
4.020000000000000000e+02 2.040635547000000087e-07 2.039455591127894584e-07
4.030000000000000000e+02 2.031156581999999974e-07 2.029957653789533767e-07
4.040000000000000000e+02 2.021719665000000030e-07 2.020506237391258693e-07
4.050000000000000000e+02 2.012333357999999973e-07 2.011102729402141017e-07
4.060000000000000000e+02 2.003003576000000084e-07 2.001750004011442729e-07
4.070000000000000000e+02 1.993725726999999958e-07 1.992447924000686379e-07
4.080000000000000000e+02 1.984493291999999982e-07 1.983197358889424004e-07
4.090000000000000000e+02 1.975310412000000036e-07 1.973999546468542590e-07
4.100000000000000000e+02 1.966185650000000055e-07 1.964857158616381529e-07
4.110000000000000000e+02 1.957124583999999997e-07 1.955771451559400376e-07
4.120000000000000000e+02 1.948122014000000057e-07 1.946743361829045240e-07
4.130000000000000000e+02 1.939171004999999959e-07 1.937772073343319099e-07
4.140000000000000000e+02 1.930275372999999995e-07 1.928859873858583715e-07
4.150000000000000000e+02 1.921443366999999964e-07 1.920007769955235482e-07
4.160000000000000000e+02 1.912680206000000057e-07 1.911218075496053982e-07
4.170000000000000000e+02 1.903980318000000022e-07 1.902490107024476607e-07
4.180000000000000000e+02 1.895336584999999871e-07 1.893824150346748203e-07
4.190000000000000000e+02 1.886752739000000066e-07 1.885220957318694208e-07
4.200000000000000000e+02 1.878236951999999970e-07 1.876682628395726061e-07
4.210000000000000000e+02 1.869794234999999973e-07 1.868209919063356260e-07
4.220000000000000000e+02 1.861418641999999999e-07 1.859803128665037683e-07
4.230000000000000000e+02 1.853102578000000025e-07 1.851460912604346212e-07
4.240000000000000000e+02 1.844849328000000056e-07 1.843184926179135603e-07
4.250000000000000000e+02 1.836666692000000065e-07 1.834975642099564916e-07
4.260000000000000000e+02 1.828559326999999898e-07 1.826834693910464741e-07
4.270000000000000000e+02 1.820520886999999881e-07 1.818760771758510228e-07
4.280000000000000000e+02 1.812543241999999905e-07 1.810753384763243262e-07
4.290000000000000000e+02 1.804629241999999984e-07 1.802812617962337264e-07
4.300000000000000000e+02 1.796786464999999920e-07 1.794939864368679707e-07
4.310000000000000000e+02 1.789019429000000061e-07 1.787135265520201026e-07
4.320000000000000000e+02 1.781321620000000019e-07 1.779398449396006058e-07
4.330000000000000000e+02 1.773684407000000036e-07 1.771727421735802498e-07
4.340000000000000000e+02 1.766110185000000066e-07 1.764123158064213797e-07
4.350000000000000000e+02 1.758606346000000082e-07 1.756585638608019190e-07
4.360000000000000000e+02 1.751177377000000108e-07 1.749115930981186066e-07
4.370000000000000000e+02 1.743816727999999943e-07 1.741712301443516648e-07
4.380000000000000000e+02 1.736515247000000111e-07 1.734373601384690308e-07
4.390000000000000000e+02 1.729274809999999951e-07 1.727099382274268933e-07
4.400000000000000000e+02 1.722102616999999906e-07 1.719890513302265863e-07
4.410000000000000000e+02 1.715003148000000081e-07 1.712746692523907188e-07
4.420000000000000000e+02 1.707969853000000010e-07 1.705667084103350470e-07
4.430000000000000000e+02 1.700992924999999956e-07 1.698649096958719042e-07
4.440000000000000000e+02 1.694073541000000115e-07 1.691693062919557357e-07
4.450000000000000000e+02 1.687218651000000020e-07 1.684798531401671511e-07
4.460000000000000000e+02 1.680432816000000017e-07 1.677966083229973907e-07
4.470000000000000000e+02 1.673709705999999910e-07 1.671193698877467416e-07
4.480000000000000000e+02 1.667039013000000050e-07 1.664479632990990407e-07
4.490000000000000000e+02 1.660421330000000048e-07 1.657822968866530823e-07
4.500000000000000000e+02 1.653863572000000107e-07 1.651224226396723037e-07
4.510000000000000000e+02 1.647370627000000065e-07 1.644682876691106819e-07
4.520000000000000000e+02 1.640936643999999925e-07 1.638197947605536240e-07
4.530000000000000000e+02 1.634550857000000126e-07 1.631766504797345866e-07
4.540000000000000000e+02 1.628213129999999965e-07 1.625388469146823927e-07
4.550000000000000000e+02 1.621930236000000028e-07 1.619063267655739330e-07
4.560000000000000000e+02 1.615707350999999980e-07 1.612791306270325169e-07
4.570000000000000000e+02 1.609539178000000034e-07 1.606570646030691689e-07
4.580000000000000000e+02 1.603414507000000026e-07 1.600399212141329470e-07
4.590000000000000000e+02 1.597332403000000005e-07 1.594275782390999519e-07
4.600000000000000000e+02 1.591299568000000089e-07 1.588200759715405398e-07
4.610000000000000000e+02 1.585321629999999888e-07 1.582173591644986673e-07
4.620000000000000000e+02 1.579394128999999900e-07 1.576193448479614084e-07
4.630000000000000000e+02 1.573505585999999989e-07 1.570257252588731220e-07
4.640000000000000000e+02 1.567654196999999910e-07 1.564364608549562388e-07
4.650000000000000000e+02 1.561846541000000025e-07 1.558515000710389304e-07
4.660000000000000000e+02 1.556088685999999951e-07 1.552708840435023058e-07
4.670000000000000000e+02 1.550377088999999966e-07 1.546944525094900999e-07
4.680000000000000000e+02 1.544700040999999892e-07 1.541219876955687269e-07
4.690000000000000000e+02 1.539054698999999900e-07 1.535533437362704445e-07
4.700000000000000000e+02 1.533447445000000006e-07 1.529885656829149185e-07
4.710000000000000000e+02 1.527884843999999937e-07 1.524276115363444504e-07
4.720000000000000000e+02 1.522364507999999923e-07 1.518704360413945690e-07
4.730000000000000000e+02 1.516874779999999872e-07 1.513167409891022506e-07
4.740000000000000000e+02 1.511411785000000022e-07 1.507664613070033789e-07
4.750000000000000000e+02 1.505981714000000013e-07 1.502195660293787737e-07
4.760000000000000000e+02 1.500591695000000132e-07 1.496761143520962301e-07
4.770000000000000000e+02 1.495240640000000033e-07 1.491360029299552495e-07
4.780000000000000000e+02 1.489917120000000025e-07 1.485990336515987360e-07
4.790000000000000000e+02 1.484616053000000044e-07 1.480650432219963702e-07
4.800000000000000000e+02 1.479343220000000097e-07 1.475340940237812702e-07
4.810000000000000000e+02 1.474106198999999986e-07 1.470061707744241391e-07
4.820000000000000000e+02 1.468905237999999920e-07 1.464812810083180357e-07
4.830000000000000000e+02 1.463729351000000073e-07 1.459591597351815166e-07
4.840000000000000000e+02 1.458572165999999933e-07 1.454397121861796929e-07
4.850000000000000000e+02 1.453438895000000038e-07 1.449229247962654674e-07
4.860000000000000000e+02 1.448337540999999879e-07 1.444088763227688990e-07
4.870000000000000000e+02 1.443269779999999922e-07 1.438975209197302001e-07
4.880000000000000000e+02 1.438225375999999884e-07 1.433886982841620878e-07
4.890000000000000000e+02 1.433196642999999994e-07 1.428822189518238320e-07
4.900000000000000000e+02 1.428188008000000059e-07 1.423781535413217947e-07
4.910000000000000000e+02 1.423207812000000107e-07 1.418765147141731869e-07
4.920000000000000000e+02 1.418259180000000092e-07 1.413773631633126929e-07
4.930000000000000000e+02 1.413332956999999891e-07 1.408804910688616967e-07
4.940000000000000000e+02 1.408420200000000045e-07 1.403857740864573127e-07
4.950000000000000000e+02 1.403524322000000071e-07 1.398932070485038633e-07
4.960000000000000000e+02 1.398653921000000030e-07 1.394028942877889534e-07
4.970000000000000000e+02 1.393813558000000001e-07 1.389148467070787463e-07
4.980000000000000000e+02 1.388995497999999985e-07 1.384289685527849954e-07
4.990000000000000000e+02 1.384189659999999993e-07 1.379450488702718231e-07
5.000000000000000000e+02 1.379398127999999963e-07 1.374631512489609396e-07
5.010000000000000000e+02 1.374629577000000128e-07 1.369833184696618677e-07
5.020000000000000000e+02 1.369889879999999929e-07 1.365056560206756121e-07
5.030000000000000000e+02 1.365172996000000003e-07 1.360300329960497511e-07
5.040000000000000000e+02 1.360467912000000002e-07 1.355563015557935654e-07
5.050000000000000000e+02 1.355775059000000110e-07 1.350844384682336668e-07
5.060000000000000000e+02 1.351102980999999877e-07 1.346145690748453032e-07
5.070000000000000000e+02 1.346458737000000078e-07 1.341467447586025102e-07
5.080000000000000000e+02 1.341838261000000048e-07 1.336809468125682160e-07
5.090000000000000000e+02 1.337229992999999939e-07 1.332169546690331684e-07
5.100000000000000000e+02 1.332632457999999959e-07 1.327547948199742618e-07
5.110000000000000000e+02 1.328053849000000023e-07 1.322945331235019643e-07
5.120000000000000000e+02 1.323502263999999967e-07 1.318363050113894545e-07
5.130000000000000000e+02 1.318975836000000005e-07 1.313800656547733825e-07
5.140000000000000000e+02 1.314462936999999939e-07 1.309256682932932087e-07
5.150000000000000000e+02 1.309959949999999989e-07 1.304730432913820373e-07
5.160000000000000000e+02 1.305474356999999926e-07 1.300223272994177224e-07
5.170000000000000000e+02 1.301015038999999884e-07 1.295735973787432253e-07
5.180000000000000000e+02 1.296582368000000047e-07 1.291269121287867147e-07
5.190000000000000000e+02 1.292165166999999948e-07 1.286820704724263559e-07
5.200000000000000000e+02 1.287757518999999932e-07 1.282390323985476609e-07
5.210000000000000000e+02 1.283365768999999988e-07 1.277978641922698618e-07
5.220000000000000000e+02 1.278999338000000091e-07 1.273587134024455632e-07
5.230000000000000000e+02 1.274660833000000064e-07 1.269216068515609770e-07
5.240000000000000000e+02 1.270340205999999879e-07 1.264864315824593609e-07
5.250000000000000000e+02 1.266029331999999974e-07 1.260530478286900342e-07
5.260000000000000000e+02 1.261733000000000039e-07 1.256215734806836249e-07
5.270000000000000000e+02 1.257460926000000062e-07 1.251920983858736529e-07
5.280000000000000000e+02 1.253217830999999909e-07 1.247647392412415995e-07
5.290000000000000000e+02 1.248995429999999967e-07 1.243393547684779996e-07
5.300000000000000000e+02 1.244783656000000087e-07 1.239158332426019215e-07
5.310000000000000000e+02 1.240585219000000041e-07 1.234942074760920638e-07
5.320000000000000000e+02 1.236409782999999999e-07 1.230746303221822592e-07
5.330000000000000000e+02 1.232263912999999951e-07 1.226571763277716686e-07
5.340000000000000000e+02 1.228141637999999997e-07 1.222418045041726655e-07
5.350000000000000000e+02 1.224031457000000027e-07 1.218283165605758597e-07
5.360000000000000000e+02 1.219933516999999939e-07 1.214167687530101064e-07
5.370000000000000000e+02 1.215857036999999876e-07 1.210072537689153179e-07
5.380000000000000000e+02 1.211810091000000062e-07 1.205999159369072365e-07
5.390000000000000000e+02 1.207789439000000126e-07 1.201946998284939556e-07
5.400000000000000000e+02 1.203782918999999997e-07 1.197914522039391853e-07
5.410000000000000000e+02 1.199787747000000111e-07 1.193901259507903697e-07
5.420000000000000000e+02 1.195812230000000055e-07 1.189908664972916671e-07
5.430000000000000000e+02 1.191865589000000005e-07 1.185937679783647025e-07
5.440000000000000000e+02 1.187947552999999958e-07 1.181988764423823577e-07
5.450000000000000000e+02 1.184046286000000045e-07 1.178059880780138908e-07
5.460000000000000000e+02 1.180155942000000024e-07 1.174150606083132965e-07
5.470000000000000000e+02 1.176283341999999969e-07 1.170261717524255379e-07
5.480000000000000000e+02 1.172438427000000020e-07 1.166394732498005494e-07
5.490000000000000000e+02 1.168623838999999994e-07 1.162549941061846152e-07
5.500000000000000000e+02 1.164829074999999935e-07 1.158726067078227993e-07
5.510000000000000000e+02 1.161045333000000048e-07 1.154921602065213473e-07
5.520000000000000000e+02 1.157277211000000045e-07 1.151137593871022959e-07
5.530000000000000000e+02 1.153534863999999969e-07 1.147375002235013999e-07
5.540000000000000000e+02 1.149823551999999976e-07 1.143634927231810084e-07
5.550000000000000000e+02 1.146135100000000057e-07 1.139915948358102923e-07
5.560000000000000000e+02 1.142458341000000044e-07 1.136216639845851869e-07
5.570000000000000000e+02 1.138795020000000047e-07 1.132537150821006153e-07
5.580000000000000000e+02 1.135155052999999983e-07 1.128878956608294970e-07
5.590000000000000000e+02 1.131545943000000045e-07 1.125242857257437027e-07
5.600000000000000000e+02 1.127962683000000041e-07 1.121628471744298364e-07
5.610000000000000000e+02 1.124392752000000002e-07 1.118033607066810248e-07
5.620000000000000000e+02 1.120834452000000015e-07 1.114458402183375051e-07
5.630000000000000000e+02 1.117296791999999989e-07 1.110903762106905500e-07
5.640000000000000000e+02 1.113788890999999970e-07 1.107371084429140333e-07
5.650000000000000000e+02 1.110309269999999967e-07 1.103860009379980984e-07
5.660000000000000000e+02 1.106845303000000023e-07 1.100368787192129909e-07
5.670000000000000000e+02 1.103391514000000048e-07 1.096896425385849961e-07
5.680000000000000000e+02 1.099955209999999973e-07 1.093444154081883135e-07
5.690000000000000000e+02 1.096546516999999947e-07 1.090012921771277562e-07
5.700000000000000000e+02 1.093167554999999986e-07 1.086603342568925748e-07
5.710000000000000000e+02 1.089807115999999957e-07 1.083213424531934285e-07
5.720000000000000000e+02 1.086456187000000014e-07 1.079842038151619474e-07
5.730000000000000000e+02 1.083119532999999974e-07 1.076489660494151435e-07
5.740000000000000000e+02 1.079807642999999952e-07 1.073157728573197386e-07
5.750000000000000000e+02 1.076525886000000024e-07 1.069846776290979950e-07
5.760000000000000000e+02 1.073265829000000065e-07 1.066555747274992496e-07
5.770000000000000000e+02 1.070015693000000042e-07 1.063282544379935166e-07
5.780000000000000000e+02 1.066776773999999972e-07 1.060027639493663595e-07
5.790000000000000000e+02 1.063559165000000044e-07 1.056791983650185053e-07
5.800000000000000000e+02 1.060370820999999999e-07 1.053576815510453344e-07
5.810000000000000000e+02 1.057207100999999994e-07 1.050381239674123566e-07
5.820000000000000000e+02 1.054054854000000024e-07 1.047203351056305258e-07
5.830000000000000000e+02 1.050911245999999946e-07 1.044042548619106256e-07
5.840000000000000000e+02 1.047785112000000044e-07 1.040900140477996695e-07
5.850000000000000000e+02 1.044686195999999985e-07 1.037777059081814269e-07
5.860000000000000000e+02 1.041614098999999988e-07 1.034673490176895599e-07
5.870000000000000000e+02 1.038556111000000005e-07 1.031587158350814076e-07
5.880000000000000000e+02 1.035505077999999972e-07 1.028517185811731903e-07
5.890000000000000000e+02 1.032467509999999947e-07 1.025464220791443691e-07
5.900000000000000000e+02 1.029454063999999969e-07 1.022429682646780768e-07
5.910000000000000000e+02 1.026468412999999966e-07 1.019413878140287853e-07
5.920000000000000000e+02 1.023500179000000040e-07 1.016415361311903047e-07
5.930000000000000000e+02 1.020538484000000064e-07 1.013432189118976911e-07
5.940000000000000000e+02 1.017586383999999954e-07 1.010465016036856171e-07
5.950000000000000000e+02 1.014654550999999935e-07 1.007514859972024911e-07
5.960000000000000000e+02 1.011750073000000017e-07 1.004582845673374765e-07
5.970000000000000000e+02 1.008866469999999987e-07 1.001667777036886596e-07
5.980000000000000000e+02 1.005990587000000035e-07 9.987677247178288097e-08
5.990000000000000000e+02 1.003121058000000025e-07 9.958823133501315978e-08
6.000000000000000000e+02 1.000267517999999966e-07 9.930129111558796263e-08
6.010000000000000000e+02 9.974394860000000314e-08 9.901604742994315393e-08
6.020000000000000000e+02 9.946352100000000593e-08 9.873249570678482767e-08
6.030000000000000000e+02 9.918413590999999678e-08 9.845039983708448202e-08
6.040000000000000000e+02 9.890516969999999410e-08 9.816968509433896330e-08
6.050000000000000000e+02 9.862735585000000208e-08 9.789042793042639705e-08
6.060000000000000000e+02 9.835177807999999362e-08 9.761277396912202542e-08
6.070000000000000000e+02 9.807873279000000364e-08 9.733674674843621954e-08
6.080000000000000000e+02 9.780710455000000298e-08 9.706218743992560873e-08
6.090000000000000000e+02 9.753583428999999434e-08 9.678890964082953410e-08
6.100000000000000000e+02 9.726528960000000407e-08 9.651698594666463037e-08
6.110000000000000000e+02 9.699657297999999485e-08 9.624652729567862787e-08
6.120000000000000000e+02 9.673037977999999561e-08 9.597764519361454976e-08
6.130000000000000000e+02 9.646601148999999558e-08 9.571021443088298364e-08
6.140000000000000000e+02 9.620213660000000395e-08 9.544403949247314800e-08
6.150000000000000000e+02 9.593863695999999711e-08 9.517908817528218875e-08
6.160000000000000000e+02 9.567650532999999439e-08 9.491550226570889638e-08
6.170000000000000000e+02 9.541671564000000137e-08 9.465338522188985026e-08
6.180000000000000000e+02 9.515909247000000215e-08 9.439273193934178444e-08
6.190000000000000000e+02 9.490228245999999811e-08 9.413330699143087390e-08
6.200000000000000000e+02 9.464563044999999811e-08 9.387503064351062502e-08
6.210000000000000000e+02 9.438986964000000427e-08 9.361798463382517879e-08
6.220000000000000000e+02 9.413611807000000175e-08 9.336232198940147633e-08
6.230000000000000000e+02 9.388472119000000222e-08 9.310807712026269446e-08
6.240000000000000000e+02 9.363458427000000134e-08 9.285509625229106371e-08
6.250000000000000000e+02 9.338458696999999500e-08 9.260318717500614113e-08
6.260000000000000000e+02 9.313504284000000622e-08 9.235241684003914739e-08
6.270000000000000000e+02 9.288707380000000355e-08 9.210290629836501715e-08
6.280000000000000000e+02 9.264144988000000198e-08 9.185477802508654800e-08
6.290000000000000000e+02 9.239755717000000121e-08 9.160792500009185151e-08
6.300000000000000000e+02 9.215401890000000026e-08 9.136214579287264584e-08
6.310000000000000000e+02 9.191059874000000371e-08 9.111739457381916911e-08
6.320000000000000000e+02 9.166826536999999808e-08 9.087381547479378451e-08
6.330000000000000000e+02 9.142806509000000422e-08 9.063152611422070050e-08
6.340000000000000000e+02 9.118996514999999597e-08 9.039054411789975218e-08
6.350000000000000000e+02 9.095264051000000491e-08 9.015064430367728948e-08
6.360000000000000000e+02 9.071527740999999927e-08 8.991172230694320900e-08
6.370000000000000000e+02 9.047851120999999366e-08 8.967385449202269773e-08
6.380000000000000000e+02 9.024350200999999557e-08 8.943720272059240874e-08
6.390000000000000000e+02 9.001076083999999371e-08 8.920182766278136565e-08
6.400000000000000000e+02 8.977932796999999695e-08 8.896759986545336701e-08
6.410000000000000000e+02 8.954794465999999680e-08 8.873430757396684384e-08
6.420000000000000000e+02 8.931673287000000634e-08 8.850199225438839067e-08
6.430000000000000000e+02 8.908679651999999495e-08 8.827078113758273752e-08
6.440000000000000000e+02 8.885905221000000007e-08 8.804081514921653141e-08
6.450000000000000000e+02 8.863311822000000125e-08 8.781202786616495762e-08
6.460000000000000000e+02 8.840758372999999578e-08 8.758421337599021302e-08
6.470000000000000000e+02 8.818194804000000438e-08 8.735728790647916357e-08
6.480000000000000000e+02 8.795706766000000211e-08 8.713138747568160857e-08
6.490000000000000000e+02 8.773408316000000400e-08 8.690664490869512364e-08
6.500000000000000000e+02 8.751323812000000529e-08 8.668311845055135715e-08
6.510000000000000000e+02 8.729333890999999492e-08 8.646060933745645070e-08
6.520000000000000000e+02 8.707330957999999799e-08 8.623896999015547127e-08
6.530000000000000000e+02 8.685354797999999658e-08 8.601825061592898415e-08
6.540000000000000000e+02 8.663522644999999811e-08 8.579861836887885509e-08
6.550000000000000000e+02 8.641910680999999364e-08 8.558016887056948151e-08
6.560000000000000000e+02 8.620452367999999573e-08 8.536282145996467919e-08
6.570000000000000000e+02 8.599007517000000069e-08 8.514634296323544852e-08
6.580000000000000000e+02 8.577552874000000620e-08 8.493072219569140355e-08
6.590000000000000000e+02 8.556188308000000653e-08 8.471608239154497220e-08
6.600000000000000000e+02 8.535022674000000374e-08 8.450258426087742475e-08
6.610000000000000000e+02 8.514056323000000208e-08 8.429022269218126277e-08
6.620000000000000000e+02 8.493156072000000269e-08 8.407880576219309698e-08
6.630000000000000000e+02 8.472232931000000146e-08 8.386818874568144563e-08
6.640000000000000000e+02 8.451346291999999715e-08 8.365847778458269394e-08
6.650000000000000000e+02 8.430616203999999871e-08 8.344981714753807219e-08
6.660000000000000000e+02 8.410104000000000595e-08 8.324231466432947515e-08
6.670000000000000000e+02 8.389722598000000299e-08 8.303582843588736465e-08
6.680000000000000000e+02 8.369337183999999585e-08 8.283016409556192017e-08
6.690000000000000000e+02 8.348944956000000569e-08 8.262531380327313166e-08
6.700000000000000000e+02 8.328654572999999360e-08 8.242144003405976586e-08
6.710000000000000000e+02 8.308568958999999584e-08 8.221867181667240213e-08
6.720000000000000000e+02 8.288669677000000111e-08 8.201700379467147160e-08
6.730000000000000000e+02 8.268816391000000146e-08 8.181620438685864300e-08
6.740000000000000000e+02 8.248935202999999923e-08 8.161618107529216562e-08
6.750000000000000000e+02 8.229098239999999984e-08 8.141702891738389344e-08
6.760000000000000000e+02 8.209426139000000287e-08 8.121892182638479748e-08
6.770000000000000000e+02 8.189968212000000140e-08 8.102192495587798934e-08
6.780000000000000000e+02 8.170623901000000212e-08 8.082590047637539909e-08
6.790000000000000000e+02 8.151263959999999437e-08 8.063063652145213586e-08
6.800000000000000000e+02 8.131899003000000637e-08 8.043617123958965298e-08
6.810000000000000000e+02 8.112642680000000500e-08 8.024264695982622249e-08
6.820000000000000000e+02 8.093593103999999813e-08 8.005021520588609275e-08
6.830000000000000000e+02 8.074719452000000214e-08 7.985882490574074533e-08
6.840000000000000000e+02 8.055878137999999708e-08 7.966826505934433682e-08
6.850000000000000000e+02 8.037005019000000560e-08 7.947843272327080351e-08
6.860000000000000000e+02 8.018179549000000405e-08 7.928945846268396190e-08
6.870000000000000000e+02 7.999522503999999760e-08 7.910149263511468677e-08
6.880000000000000000e+02 7.981075950000000021e-08 7.891461632086777898e-08
6.890000000000000000e+02 7.962732173999999991e-08 7.872865391822886067e-08
6.900000000000000000e+02 7.944365313000000130e-08 7.854342429490377850e-08
6.910000000000000000e+02 7.925992710999999613e-08 7.835894967576145003e-08
6.920000000000000000e+02 7.907730497999999891e-08 7.817540115451909436e-08
6.930000000000000000e+02 7.889674477999999673e-08 7.799290328468412851e-08
6.940000000000000000e+02 7.871788193000000540e-08 7.781142003581581801e-08
6.950000000000000000e+02 7.853926569999999970e-08 7.763071242169276169e-08
6.960000000000000000e+02 7.836028814999999993e-08 7.745070635462856987e-08
6.970000000000000000e+02 7.818176890999999719e-08 7.727151102730041946e-08
6.980000000000000000e+02 7.800491973999999793e-08 7.709330263615546375e-08
6.990000000000000000e+02 7.783014396999999455e-08 7.691613518555822267e-08
7.000000000000000000e+02 7.765634705000000294e-08 7.673985336496453407e-08
7.010000000000000000e+02 7.748226848999999500e-08 7.656425107328385510e-08
7.020000000000000000e+02 7.730808386999999726e-08 7.638937408007402483e-08
7.030000000000000000e+02 7.713496032999999563e-08 7.621537169039669670e-08
7.040000000000000000e+02 7.696386605000000130e-08 7.604239390492845301e-08
7.050000000000000000e+02 7.679445054999999651e-08 7.587038279162169275e-08
7.060000000000000000e+02 7.662525951999999760e-08 7.569912150963407244e-08
7.070000000000000000e+02 7.645565327000000232e-08 7.552850687101689252e-08
7.080000000000000000e+02 7.628643238000000149e-08 7.535866906178958151e-08
7.090000000000000000e+02 7.611881961000000176e-08 7.518976375360885361e-08
7.100000000000000000e+02 7.595326008999999895e-08 7.502187318553693988e-08
7.110000000000000000e+02 7.578869543999999612e-08 7.485482446752645376e-08
7.120000000000000000e+02 7.562382616000000422e-08 7.468842655438413300e-08
7.130000000000000000e+02 7.545876331000000471e-08 7.452269250334422629e-08
7.140000000000000000e+02 7.529465930000000579e-08 7.435779338161502432e-08
7.150000000000000000e+02 7.513252419999999905e-08 7.419386230142884858e-08
7.160000000000000000e+02 7.497209180999999561e-08 7.403087571584414639e-08
7.170000000000000000e+02 7.481191878999999759e-08 7.386859580773571180e-08
7.180000000000000000e+02 7.465126855999999485e-08 7.370692464768569041e-08
7.190000000000000000e+02 7.449087361000000599e-08 7.354596211426034735e-08
7.200000000000000000e+02 7.433197056999999954e-08 7.338588835374956948e-08
7.210000000000000000e+02 7.417510253000000321e-08 7.322677736643861211e-08
7.220000000000000000e+02 7.401930792999999436e-08 7.306849305197716223e-08
7.230000000000000000e+02 7.386322142000000182e-08 7.291081105707387359e-08
7.240000000000000000e+02 7.370682037000000066e-08 7.275374514345743630e-08
7.250000000000000000e+02 7.355121514999999957e-08 7.259744168781298427e-08
7.260000000000000000e+02 7.339748279000000225e-08 7.244206345204579862e-08
7.270000000000000000e+02 7.324551213999999724e-08 7.228758921331804454e-08
7.280000000000000000e+02 7.309390296000000538e-08 7.213380857023866803e-08
7.290000000000000000e+02 7.294176366000000534e-08 7.198057660058131127e-08
7.300000000000000000e+02 7.278969959999999554e-08 7.182799701706189259e-08
7.310000000000000000e+02 7.263895322999999897e-08 7.167623143843941100e-08
7.320000000000000000e+02 7.249021146999999439e-08 7.152539376152431919e-08
7.330000000000000000e+02 7.234268146000000468e-08 7.137535453110882459e-08
7.340000000000000000e+02 7.219492747999999767e-08 7.122589680225732844e-08
7.350000000000000000e+02 7.204671995999999399e-08 7.107698182109832607e-08
7.360000000000000000e+02 7.189908497999999513e-08 7.092876705932706235e-08
7.370000000000000000e+02 7.175317610000000553e-08 7.078140514710324949e-08
7.380000000000000000e+02 7.160910288000000122e-08 7.063492752070209263e-08
7.390000000000000000e+02 7.146556775000000647e-08 7.048912068795416630e-08
7.400000000000000000e+02 7.132148331999999379e-08 7.034382595881082783e-08
7.410000000000000000e+02 7.117725429000000449e-08 7.019909954471994727e-08
7.420000000000000000e+02 7.103410336999999474e-08 7.005512173450384249e-08
7.430000000000000000e+02 7.089288894999999514e-08 6.991201003252420649e-08
7.440000000000000000e+02 7.075306960999999886e-08 6.976969429520576264e-08
7.450000000000000000e+02 7.061317276999999939e-08 6.962793149830765086e-08
7.460000000000000000e+02 7.047269180000000281e-08 6.948665762294233950e-08
7.470000000000000000e+02 7.033250523999999900e-08 6.934599383987704628e-08
7.480000000000000000e+02 7.019383133999999993e-08 6.920612041178256887e-08
7.490000000000000000e+02 7.005705161000000463e-08 6.906709003272335890e-08
7.500000000000000000e+02 6.992106367999999373e-08 6.892874014074690329e-08
7.510000000000000000e+02 6.978457932999999365e-08 6.879085921435002702e-08
7.520000000000000000e+02 6.964771539000000311e-08 6.865347976396663954e-08
7.530000000000000000e+02 6.951162510999999680e-08 6.851675744058994071e-08
7.540000000000000000e+02 6.937733912999999490e-08 6.838085075444957978e-08
7.550000000000000000e+02 6.924464994999999909e-08 6.824572392964331836e-08
7.560000000000000000e+02 6.911213326000000218e-08 6.811115968202100425e-08
7.570000000000000000e+02 6.897895441000000198e-08 6.797702220520821133e-08
7.580000000000000000e+02 6.884575437000000644e-08 6.784341954834441255e-08
7.590000000000000000e+02 6.871377588999999729e-08 6.771051854992446965e-08
7.600000000000000000e+02 6.858369373000000501e-08 6.757843132065412901e-08
7.610000000000000000e+02 6.845471763999999523e-08 6.744702878853853675e-08
7.620000000000000000e+02 6.832541179999999366e-08 6.731609132885706558e-08
7.630000000000000000e+02 6.819551415000000047e-08 6.718557543137248955e-08
7.640000000000000000e+02 6.806602610000000550e-08 6.705563697678360295e-08
7.650000000000000000e+02 6.793811668999999363e-08 6.692643524036589076e-08
7.660000000000000000e+02 6.781197255999999390e-08 6.679801189468106569e-08
7.670000000000000000e+02 6.768635776999999847e-08 6.667016381605365336e-08
7.680000000000000000e+02 6.756010865000000647e-08 6.654271694739668125e-08
7.690000000000000000e+02 6.743351403000000526e-08 6.641571221864213127e-08
7.700000000000000000e+02 6.730776693999999578e-08 6.628932921701887508e-08
7.710000000000000000e+02 6.718381387000000529e-08 6.616370038856475067e-08
7.720000000000000000e+02 6.706129329999999665e-08 6.603878223112768657e-08
7.730000000000000000e+02 6.693875545000000367e-08 6.591433545434754785e-08
7.740000000000000000e+02 6.681549443999999788e-08 6.579026141202974334e-08
7.750000000000000000e+02 6.669223957000000166e-08 6.566666447603881658e-08
7.760000000000000000e+02 6.657022619000000431e-08 6.554372968672008114e-08
7.770000000000000000e+02 6.645004648999999459e-08 6.542154193267875576e-08
7.780000000000000000e+02 6.633082873999999621e-08 6.529997452940192565e-08
7.790000000000000000e+02 6.621116929999999914e-08 6.517879612366014521e-08
7.800000000000000000e+02 6.609088512999999532e-08 6.505799156660525284e-08
7.810000000000000000e+02 6.597100351000000651e-08 6.493770552472249552e-08
7.820000000000000000e+02 6.585267146999999913e-08 6.481811298730974386e-08
7.830000000000000000e+02 6.573603044000000290e-08 6.469923287796703752e-08
7.840000000000000000e+02 6.561983035000000263e-08 6.458087491224729162e-08
7.850000000000000000e+02 6.550293486000000237e-08 6.446285289041378471e-08
7.860000000000000000e+02 6.538564835999999510e-08 6.434522615871193562e-08
7.870000000000000000e+02 6.526915817999999814e-08 6.422816015713636018e-08
7.880000000000000000e+02 6.515440539999999585e-08 6.411180392167997437e-08
7.890000000000000000e+02 6.504104264000000288e-08 6.399610020752580332e-08
7.900000000000000000e+02 6.492763433000000614e-08 6.388082679904562461e-08
7.910000000000000000e+02 6.481345228000000000e-08 6.376586520936885284e-08
7.920000000000000000e+02 6.469919320000000453e-08 6.365133164531410389e-08
7.930000000000000000e+02 6.458608469999999898e-08 6.353739730164221593e-08
7.940000000000000000e+02 6.447475992999999574e-08 6.342416895134097833e-08
7.950000000000000000e+02 6.436441594000000438e-08 6.331151534217724204e-08
7.960000000000000000e+02 6.425363873999999586e-08 6.319921743966424556e-08
7.970000000000000000e+02 6.414215970000000581e-08 6.308723111384583904e-08
7.980000000000000000e+02 6.403095223000000191e-08 6.297571057942168988e-08
7.990000000000000000e+02 6.392118142999999656e-08 6.286482029105250782e-08
8.000000000000000000e+02 6.381309718999999680e-08 6.275461052770059626e-08
8.010000000000000000e+02 6.370553976999999589e-08 6.264489051656010553e-08
8.020000000000000000e+02 6.359729458000000521e-08 6.253547448860814588e-08
8.030000000000000000e+02 6.348853032999999564e-08 6.242638677680297389e-08
8.040000000000000000e+02 6.338038604000000569e-08 6.231780339928445182e-08
8.050000000000000000e+02 6.327387391000000398e-08 6.220986995063517539e-08
8.060000000000000000e+02 6.316882482999999963e-08 6.210257147144547812e-08
8.070000000000000000e+02 6.306386460999999946e-08 6.199568078980084872e-08
8.080000000000000000e+02 6.295809999000000095e-08 6.188906543586400713e-08
8.090000000000000000e+02 6.285206891999999940e-08 6.178280539572403765e-08
8.100000000000000000e+02 6.274697994999999541e-08 6.167708584742153119e-08
8.110000000000000000e+02 6.264361446000000017e-08 6.157202151231375697e-08
8.120000000000000000e+02 6.254139546000000330e-08 6.146753136361722615e-08
8.130000000000000000e+02 6.243889085000000322e-08 6.136337820289359996e-08
8.140000000000000000e+02 6.233558755999999803e-08 6.125949162561312227e-08
8.150000000000000000e+02 6.223230546000000142e-08 6.115599246064848486e-08
8.160000000000000000e+02 6.213024183999999485e-08 6.105306489829647117e-08
8.170000000000000000e+02 6.202988587999999894e-08 6.095078177173899807e-08
8.180000000000000000e+02 6.193030802000000125e-08 6.084900325931135676e-08
8.190000000000000000e+02 6.183016130000000520e-08 6.074750638009662881e-08
8.200000000000000000e+02 6.172931669000000489e-08 6.064628204628033485e-08
8.210000000000000000e+02 6.162878840999999905e-08 6.054547828532014060e-08
8.220000000000000000e+02 6.152969434999999346e-08 6.044526950374030674e-08
8.230000000000000000e+02 6.143219308000000111e-08 6.034567852946148833e-08
8.240000000000000000e+02 6.133509092000000017e-08 6.024652059136365154e-08
8.250000000000000000e+02 6.123723727000000436e-08 6.014760570884545129e-08
8.260000000000000000e+02 6.113885249999999673e-08 6.004897921316132091e-08
8.270000000000000000e+02 6.104106766000000118e-08 5.995080532098419349e-08
8.280000000000000000e+02 6.094486353000000311e-08 5.985324048424613901e-08
8.290000000000000000e+02 6.085005703000000173e-08 5.975625376800457519e-08
8.300000000000000000e+02 6.075529548999999881e-08 5.965963282530153086e-08
8.310000000000000000e+02 6.065969573000000034e-08 5.956323232633434862e-08
8.320000000000000000e+02 6.056377150000000381e-08 5.946714203908761052e-08
8.330000000000000000e+02 6.046870573000000532e-08 5.937153366823991312e-08
8.340000000000000000e+02 6.037529469999999598e-08 5.927653805893276098e-08
8.350000000000000000e+02 6.028302962999999527e-08 5.918207140351196379e-08
8.360000000000000000e+02 6.019050431999999497e-08 5.908791154638793407e-08
8.370000000000000000e+02 6.009713521999999851e-08 5.899396258864618844e-08
8.380000000000000000e+02 6.000366624000000131e-08 5.890034816207738849e-08
8.390000000000000000e+02 5.991127922000000556e-08 5.880724056897863496e-08
8.400000000000000000e+02 5.982055062000000543e-08 5.871473855187827095e-08
8.410000000000000000e+02 5.973068509000000629e-08 5.862271071376758121e-08
8.420000000000000000e+02 5.964031589999999649e-08 5.853094091319963123e-08
8.430000000000000000e+02 5.954915980000000071e-08 5.843938212948127530e-08
8.440000000000000000e+02 5.945813015000000305e-08 5.834818234718322683e-08
8.450000000000000000e+02 5.936836492000000115e-08 5.825750882703443976e-08
8.460000000000000000e+02 5.928019939000000129e-08 5.816742364840291364e-08
8.470000000000000000e+02 5.919260653000000251e-08 5.807775629092290284e-08
8.480000000000000000e+02 5.910433201000000249e-08 5.798830906785126859e-08
8.490000000000000000e+02 5.901537149000000216e-08 5.789907970946276930e-08
8.500000000000000000e+02 5.892675438000000030e-08 5.781023265066073373e-08
8.510000000000000000e+02 5.883954065000000276e-08 5.772192532791025507e-08
8.520000000000000000e+02 5.875381738999999776e-08 5.763418082094759778e-08
8.530000000000000000e+02 5.866838828999999786e-08 5.754679962004175381e-08
8.540000000000000000e+02 5.858216119999999984e-08 5.745961086426409989e-08
8.550000000000000000e+02 5.849537645000000041e-08 5.737265095763558582e-08
8.560000000000000000e+02 5.840913505999999949e-08 5.728609446813557965e-08
8.570000000000000000e+02 5.832439261999999911e-08 5.720008493901153665e-08
8.580000000000000000e+02 5.824099437000000221e-08 5.711460638271638453e-08
8.590000000000000000e+02 5.815763708000000248e-08 5.702944069986511714e-08
8.600000000000000000e+02 5.807341858000000136e-08 5.694444840808237604e-08
8.610000000000000000e+02 5.798878433999999907e-08 5.685969788976033344e-08
8.620000000000000000e+02 5.790487156999999896e-08 5.677536902489091582e-08
8.630000000000000000e+02 5.782251256000000181e-08 5.669158819370696883e-08
8.640000000000000000e+02 5.774132843999999884e-08 5.660830246211283025e-08
8.650000000000000000e+02 5.765996536999999921e-08 5.652528467204351348e-08
8.660000000000000000e+02 5.757772064000000076e-08 5.644242817934055303e-08
8.670000000000000000e+02 5.749520544000000163e-08 5.635982693142004777e-08
8.680000000000000000e+02 5.741356566000000329e-08 5.627766244012856407e-08
8.690000000000000000e+02 5.733349880000000145e-08 5.619604162793522843e-08
8.700000000000000000e+02 5.725442742999999946e-08 5.611487824158530830e-08
8.710000000000000000e+02 5.717499384000000146e-08 5.603394403593232814e-08
8.720000000000000000e+02 5.709469013999999757e-08 5.595316423463840079e-08
8.730000000000000000e+02 5.701425691999999739e-08 5.587265261072654586e-08
8.740000000000000000e+02 5.693482798999999988e-08 5.579258946446314485e-08
8.750000000000000000e+02 5.685696162000000151e-08 5.571306096732870201e-08
8.760000000000000000e+02 5.677991176999999674e-08 5.563395212211556044e-08
8.770000000000000000e+02 5.670235225000000106e-08 5.555503962427438556e-08
8.780000000000000000e+02 5.662395594000000152e-08 5.547627808140600973e-08
8.790000000000000000e+02 5.654556123000000248e-08 5.539779622957404488e-08
8.800000000000000000e+02 5.646827502999999930e-08 5.531977110142114910e-08
8.810000000000000000e+02 5.639251835000000193e-08 5.524226787918830484e-08
8.820000000000000000e+02 5.631740790000000328e-08 5.516514784627029519e-08
8.830000000000000000e+02 5.624167321999999969e-08 5.508819679179580420e-08
8.840000000000000000e+02 5.616514825000000210e-08 5.501139535767435162e-08
8.850000000000000000e+02 5.608874285999999994e-08 5.493488332370482527e-08
8.860000000000000000e+02 5.601352725000000019e-08 5.485883302096017914e-08
8.870000000000000000e+02 5.593979263000000120e-08 5.478328936772392655e-08
8.880000000000000000e+02 5.586654855000000076e-08 5.470809485314792901e-08
8.890000000000000000e+02 5.579259424999999925e-08 5.463304675309824247e-08
8.900000000000000000e+02 5.571790227000000214e-08 5.455814798930424905e-08
8.910000000000000000e+02 5.564343263000000079e-08 5.448354626101338888e-08
8.920000000000000000e+02 5.557021332999999865e-08 5.440940831808553364e-08
8.930000000000000000e+02 5.549841752000000047e-08 5.433576032596229337e-08
8.940000000000000000e+02 5.542697484000000185e-08 5.426243052875624547e-08
8.950000000000000000e+02 5.535475957000000329e-08 5.418922861180775819e-08
8.960000000000000000e+02 5.528185982999999781e-08 5.411617601901165732e-08
8.970000000000000000e+02 5.520926902000000096e-08 5.404342597527109783e-08
8.980000000000000000e+02 5.513797123999999726e-08 5.397113930861572176e-08
8.990000000000000000e+02 5.506803653000000172e-08 5.389932559508678836e-08
9.000000000000000000e+02 5.499833800000000240e-08 5.382780278173330501e-08
9.010000000000000000e+02 5.492782354000000156e-08 5.375639273287978036e-08
9.020000000000000000e+02 5.485667445999999728e-08 5.368513179202550206e-08
9.030000000000000000e+02 5.478590451000000086e-08 5.361417683180826725e-08
9.040000000000000000e+02 5.471645533999999897e-08 5.354368284351818811e-08
9.050000000000000000e+02 5.464831073999999819e-08 5.347364533260883024e-08
9.060000000000000000e+02 5.458030640999999961e-08 5.340387515619423485e-08
9.070000000000000000e+02 5.451145725000000188e-08 5.333420520695366294e-08
9.080000000000000000e+02 5.444201660999999890e-08 5.326468328853098940e-08
9.090000000000000000e+02 5.437300873000000219e-08 5.319546848408930632e-08
9.100000000000000000e+02 5.430533674000000135e-08 5.312671039492123365e-08
9.110000000000000000e+02 5.423891618999999842e-08 5.305839324701842566e-08
9.120000000000000000e+02 5.417256063999999967e-08 5.299032340248933112e-08
9.130000000000000000e+02 5.410534180000000018e-08 5.292234303084440947e-08
9.140000000000000000e+02 5.403756566999999825e-08 5.285450831583645843e-08
9.150000000000000000e+02 5.397025957999999990e-08 5.278697948381977138e-08
9.160000000000000000e+02 5.390429420000000194e-08 5.271990159829807257e-08
9.170000000000000000e+02 5.383953539999999850e-08 5.265325059602533647e-08
9.180000000000000000e+02 5.377478647000000202e-08 5.258683038962703454e-08
9.190000000000000000e+02 5.370916350999999708e-08 5.252049035027456086e-08
9.200000000000000000e+02 5.364300727000000214e-08 5.245429219422989731e-08
9.210000000000000000e+02 5.357734276000000132e-08 5.238839654329788375e-08
9.220000000000000000e+02 5.351301554000000013e-08 5.232294497966624328e-08
9.230000000000000000e+02 5.344986036999999951e-08 5.225790820096195581e-08
9.240000000000000000e+02 5.338667951000000045e-08 5.219308926498259909e-08
9.250000000000000000e+02 5.332261956999999711e-08 5.212834238503763145e-08
9.260000000000000000e+02 5.325803958000000254e-08 5.206373219351770272e-08
9.270000000000000000e+02 5.319395791000000270e-08 5.199941904871637784e-08
9.280000000000000000e+02 5.313120323999999904e-08 5.193554229329385553e-08
9.290000000000000000e+02 5.306959745000000295e-08 5.187207037795222090e-08
9.300000000000000000e+02 5.300794929000000113e-08 5.180880680796614191e-08
9.310000000000000000e+02 5.294542139000000243e-08 5.174560815824326403e-08
9.320000000000000000e+02 5.288237548999999742e-08 5.168253946300046010e-08
9.330000000000000000e+02 5.281981986000000031e-08 5.161976028770246104e-08
9.340000000000000000e+02 5.275857468999999973e-08 5.155740900446150555e-08
9.350000000000000000e+02 5.269846682999999756e-08 5.149545479230789356e-08
9.360000000000000000e+02 5.263831819999999680e-08 5.143370275186872299e-08
9.370000000000000000e+02 5.257729299999999900e-08 5.137200934113124132e-08
9.380000000000000000e+02 5.251574077999999898e-08 5.131043756414371369e-08
9.390000000000000000e+02 5.245465643999999788e-08 5.124914567876516159e-08
9.400000000000000000e+02 5.239485979999999865e-08 5.118827234676463007e-08
9.410000000000000000e+02 5.233620002999999834e-08 5.112779039887150626e-08
9.420000000000000000e+02 5.227751900000000218e-08 5.106750770358565060e-08
9.430000000000000000e+02 5.221796872000000273e-08 5.100727825300046029e-08
9.440000000000000000e+02 5.215787185000000258e-08 5.094716057925929427e-08
9.450000000000000000e+02 5.209820650000000235e-08 5.088731110899258077e-08
9.460000000000000000e+02 5.203979937999999738e-08 5.082786993753137491e-08
9.470000000000000000e+02 5.198253876000000220e-08 5.076881640637847960e-08
9.480000000000000000e+02 5.192529427000000174e-08 5.070996251575368628e-08
9.490000000000000000e+02 5.186719308999999934e-08 5.065115760609253462e-08
9.500000000000000000e+02 5.180851626000000121e-08 5.059245326925643748e-08
9.510000000000000000e+02 5.175022090000000276e-08 5.053400339925934794e-08
9.520000000000000000e+02 5.169314664999999966e-08 5.047595051059418576e-08
9.530000000000000000e+02 5.163723674000000144e-08 5.041828313617159354e-08
9.540000000000000000e+02 5.158139813000000113e-08 5.036081907110827231e-08
9.550000000000000000e+02 5.152472238999999916e-08 5.030340111060276569e-08
9.560000000000000000e+02 5.146743366999999999e-08 5.024607127077368730e-08
9.570000000000000000e+02 5.141046288000000241e-08 5.018898004423808953e-08
9.580000000000000000e+02 5.135466682000000160e-08 5.013227303777492273e-08
9.590000000000000000e+02 5.130005845999999724e-08 5.007595050266942133e-08
9.600000000000000000e+02 5.124559402999999856e-08 5.001983809761066257e-08
9.610000000000000000e+02 5.119032131999999832e-08 4.996377063755450895e-08
9.620000000000000000e+02 5.113439184000000164e-08 4.990777780968414549e-08
9.630000000000000000e+02 5.107870360000000179e-08 4.985200559365178960e-08
9.640000000000000000e+02 5.102413270000000176e-08 4.979660306267547666e-08
9.650000000000000000e+02 5.097077506999999856e-08 4.974158448362008801e-08
9.660000000000000000e+02 5.091765102000000066e-08 4.968678596530614402e-08
9.670000000000000000e+02 5.086376000000000097e-08 4.963203354498519829e-08
9.680000000000000000e+02 5.080916456999999693e-08 4.957734169699138454e-08
9.690000000000000000e+02 5.075472128000000267e-08 4.952285044250888921e-08
9.700000000000000000e+02 5.070132529999999799e-08 4.946871232263606587e-08
9.710000000000000000e+02 5.064916638000000285e-08 4.941495750957919565e-08
9.720000000000000000e+02 5.059734663000000217e-08 4.936143564078662262e-08
9.730000000000000000e+02 5.054481727000000211e-08 4.930796396592722849e-08
9.740000000000000000e+02 5.049153526999999770e-08 4.925453871653421898e-08
9.750000000000000000e+02 5.043830477000000144e-08 4.920129206631499568e-08
9.760000000000000000e+02 5.038603707000000107e-08 4.914837952941450748e-08
9.770000000000000000e+02 5.033502361999999768e-08 4.909584857723358054e-08
9.780000000000000000e+02 5.028446851999999730e-08 4.904356582976589865e-08
9.790000000000000000e+02 5.023328076000000138e-08 4.899134077454476853e-08
9.800000000000000000e+02 5.018129548999999955e-08 4.893914835899633941e-08
9.810000000000000000e+02 5.012925075999999962e-08 4.888711051207912999e-08
9.820000000000000000e+02 5.007806837999999912e-08 4.883538474669152862e-08
9.830000000000000000e+02 5.002814546000000207e-08 4.878403658629893474e-08
9.840000000000000000e+02 4.997880999999999939e-08 4.873295332139970874e-08
9.850000000000000000e+02 4.992894198999999982e-08 4.868193898007234141e-08
9.860000000000000000e+02 4.987824008000000078e-08 4.863094430270719765e-08
9.870000000000000000e+02 4.982735950999999872e-08 4.858007797199697227e-08
9.880000000000000000e+02 4.977722419000000014e-08 4.852949785629230803e-08
9.890000000000000000e+02 4.972833618000000195e-08 4.847928735337369085e-08
9.900000000000000000e+02 4.968016957999999698e-08 4.842935781370939500e-08
9.910000000000000000e+02 4.963159663999999715e-08 4.837951106142738527e-08
9.920000000000000000e+02 4.958216819999999758e-08 4.832967059826683911e-08
9.930000000000000000e+02 4.953243663000000114e-08 4.827992672494430734e-08
9.940000000000000000e+02 4.948331648000000075e-08 4.823043417191368303e-08
9.950000000000000000e+02 4.943540903000000147e-08 4.818128728849257471e-08
9.960000000000000000e+02 4.938835456000000311e-08 4.813242187516639453e-08
9.970000000000000000e+02 4.934104742999999799e-08 4.808360982874997277e-08
9.980000000000000000e+02 4.929288516999999871e-08 4.803474147967618722e-08
9.990000000000000000e+02 4.924429385000000262e-08 4.798577734785022179e-08
1.000000000000000000e+03 4.919616418999999718e-08 4.793692197674739314e-08
