# theta[deg], RR, RR [smoothed], *note* RR is normalized by 2piSin(theta)dtheta
3.435486411817406105e-01 8.850734451979475059e-01 1.000000000000000000e+00
5.725810686362342583e-01 9.736116986916774074e-01 9.968118421364375870e-01
8.016134960907280727e-01 1.107695775810464633e+00 9.935749168443932522e-01
1.030645923545221665e+00 9.869125220682873900e-01 9.902903155921601863e-01
1.259678350999715368e+00 9.853419546631313475e-01 9.869591187445722058e-01
1.488710778454209072e+00 1.001893031034369663e+00 9.835823956269951207e-01
1.717743205908702997e+00 1.002762135837954149e+00 9.801612045891517910e-01
1.946775633363196700e+00 9.720143045131914850e-01 9.766965930687782071e-01
2.175808060817690404e+00 9.987300537704206782e-01 9.731895976551154792e-01
2.404840488272183663e+00 9.810391678298380214e-01 9.696412441522336279e-01
2.633872915726677366e+00 9.834863977267168655e-01 9.660525476421879532e-01
2.862905343181171514e+00 9.473179247402963021e-01 9.624245125480094254e-01
3.091937770635665217e+00 9.812416889385103813e-01 9.587581326965293194e-01
3.320970198090159364e+00 9.391807645026701845e-01 9.550543913810335406e-01
3.550002625544652624e+00 9.630663036695653600e-01 9.513142614237540817e-01
3.779035052999146327e+00 9.450890968760592425e-01 9.475387052381921693e-01
4.008067480453640030e+00 9.377784102394223220e-01 9.437286748912715462e-01
4.237099907908133289e+00 9.461262163436632289e-01 9.398851121653317708e-01
4.466132335362627437e+00 9.459852587752339836e-01 9.360089486199463238e-01
4.695164762817120696e+00 9.327519141238641565e-01 9.321011056535809525e-01
4.924197190271615732e+00 9.171402028575327270e-01 9.281624945650827074e-01
5.153229617726108991e+00 9.187558744835089275e-01 9.241940166149985592e-01
5.382262045180602250e+00 9.212446867702577258e-01 9.201965630867336987e-01
5.611294472635096398e+00 9.060242857421573204e-01 9.161710153475374208e-01
5.840326900089589657e+00 9.055108254068221507e-01 9.121182449093262479e-01
6.069359327544083804e+00 9.097175551984453268e-01 9.080391134893369687e-01
6.298391754998577063e+00 8.897106006087003305e-01 9.039344730706151410e-01
6.527424182453070323e+00 9.001204109103190243e-01 8.998051659623350629e-01
6.756456609907565358e+00 8.928261959383303470e-01 8.956520248599544320e-01
6.985489037362058617e+00 8.945446517531435715e-01 8.914758729052011388e-01
7.214521464816551877e+00 8.750585285970623461e-01 8.872775237458931930e-01
7.443553892271046912e+00 8.782876970382846871e-01 8.830577815955933385e-01
7.672586319725538395e+00 8.783075330709819717e-01 8.788174412930934709e-01
7.901618747180034319e+00 8.647348291473262449e-01 8.745572883617372950e-01
8.130651174634525802e+00 8.573101819617316988e-01 8.702780990685703433e-01
8.359683602089020837e+00 8.689776095684955681e-01 8.659806404833274573e-01
8.588716029543514097e+00 8.540437771815843071e-01 8.616656705372521818e-01
8.817748456998009132e+00 8.484372396978849817e-01 8.573339380817485145e-01
9.046780884452500615e+00 8.576770353952728465e-01 8.529861829468671219e-01
9.275813311906995651e+00 8.414657763142743274e-01 8.486231359996233570e-01
9.504845739361488910e+00 8.397550576768051389e-01 8.442455192021487420e-01
9.733878166815982169e+00 8.317080550960322949e-01 8.398540456696776957e-01
9.962910594270478981e+00 8.339988558474717983e-01 8.354494197283637291e-01
1.019194302172497046e+01 8.198116454278674414e-01 8.310323369729323284e-01
1.042097544917946550e+01 8.222025757461729478e-01 8.266034843241637509e-01
1.065000787663395698e+01 8.214112039365918383e-01 8.221635400862131737e-01
1.087904030408845202e+01 8.112044167211006629e-01 8.177131740037587582e-01
1.110807273154294528e+01 8.066114272161798437e-01 8.132530473189871767e-01
1.133710515899744031e+01 8.136689922544952935e-01 8.087838128284108308e-01
1.156613758645193180e+01 7.957365786702577104e-01 8.043061149395173137e-01
1.179517001390642683e+01 7.966223797822815644e-01 7.998205897272533393e-01
1.202420244136092009e+01 7.949048612396176772e-01 7.953278649903416930e-01
1.225323486881541513e+01 7.841974695096415315e-01 7.908285603074299841e-01
1.248226729626990661e+01 7.845504935372004107e-01 7.863232870930745300e-01
1.271129972372440164e+01 7.784684607134051415e-01 7.818126486535565967e-01
1.294033215117889490e+01 7.760609258877879668e-01 7.772972402425295524e-01
1.316936457863338816e+01 7.704407578046778005e-01 7.727776491165043726e-01
1.339839700608788498e+01 7.634908226802281650e-01 7.682544545901632826e-01
1.362742943354237646e+01 7.657774361538359775e-01 7.637282280915086430e-01
1.385646186099687149e+01 7.602765246710093683e-01 7.591995332168450794e-01
1.408549428845136298e+01 7.468795130459262577e-01 7.546689257855949684e-01
1.431452671590585801e+01 7.537623430470070662e-01 7.501369538949455018e-01
1.454355914336035305e+01 7.428113028471308166e-01 7.456041579743314385e-01
1.477259157081484631e+01 7.385397541891548512e-01 7.410710708397478808e-01
1.500162399826934134e+01 7.337413090164027762e-01 7.365382177479005144e-01
1.523065642572383283e+01 7.323798054622905340e-01 7.320061164501834305e-01
1.545968885317832786e+01 7.259591274677638095e-01 7.274752772464950779e-01
1.568872128063282290e+01 7.228510935212452138e-01 7.229462030388859040e-01
1.591775370808731616e+01 7.186398312795680976e-01 7.184193893850362445e-01
1.614678613554180941e+01 7.163529567930190245e-01 7.138953245515722301e-01
1.637581856299630445e+01 7.078785889038589074e-01 7.093744895672110529e-01
1.660485099045079949e+01 7.062313159520146044e-01 7.048573582757410305e-01
1.683388341790529097e+01 6.995280627046990274e-01 7.003443973888356933e-01
1.706291584535978245e+01 6.959039395252972771e-01 6.958360665386980060e-01
1.729194827281427749e+01 6.938675129082999549e-01 6.913328183305404995e-01
1.752098070026877252e+01 6.870618984785605843e-01 6.868350983948982025e-01
1.775001312772326401e+01 6.829871093019529438e-01 6.823433454397737075e-01
1.797904555517775549e+01 6.803145213479641074e-01 6.778579913026160364e-01
1.820807798263225052e+01 6.769577778754338748e-01 6.733794610021320848e-01
1.843711041008674556e+01 6.706072785123937674e-01 6.689081727899326424e-01
1.866614283754124060e+01 6.664736669963934323e-01 6.644445382020102153e-01
1.889517526499573563e+01 6.631467554189668379e-01 6.599889621100497594e-01
1.912420769245022711e+01 6.582853006913919058e-01 6.555418427725741015e-01
1.935324011990472215e+01 6.519010855256814896e-01 6.511035718859217170e-01
1.958227254735921719e+01 6.494485549785808942e-01 6.466745346350565304e-01
1.981130497481370867e+01 6.462407033557590053e-01 6.422551097442131818e-01
2.004033740226820015e+01 6.400374304981927276e-01 6.378456695273732047e-01
2.026936982972269519e+01 6.355987528733453296e-01 6.334465799385763374e-01
2.049840225717719022e+01 6.371310743172552415e-01 6.290582006220633016e-01
2.072743468463168171e+01 6.254217942467995561e-01 6.246808849622526028e-01
2.095646711208617674e+01 6.239817071816532446e-01 6.203149801335509084e-01
2.118549953954067178e+01 6.211494082775380621e-01 6.159608271499948939e-01
2.141453196699516681e+01 6.139810807557569694e-01 6.116187609147286652e-01
2.164356439444965829e+01 6.099513957839407530e-01 6.072891102693124266e-01
2.187259682190414978e+01 6.086597901324968252e-01 6.029721980428647266e-01
2.210162924935864481e+01 6.019765695722260057e-01 5.986683411010382816e-01
2.233066167681313985e+01 5.999093275552628279e-01 5.943778503948295988e-01
2.255969410426763488e+01 5.949183022727588810e-01 5.901010310092194011e-01
2.278872653172212637e+01 5.917507827927882547e-01 5.858381822116486282e-01
2.301775895917661785e+01 5.862519954475963191e-01 5.815895975003271268e-01
2.324679138663111644e+01 5.820125605901104171e-01 5.773555646523735874e-01
2.347582381408561147e+01 5.781635201268464641e-01 5.731363657717916116e-01
2.370485624154010296e+01 5.742602653131498869e-01 5.689322773372774700e-01
2.393388866899459444e+01 5.679671531868329959e-01 5.647435702498591059e-01
2.416292109644908948e+01 5.677710251927278184e-01 5.605705098803724917e-01
2.439195352390358451e+01 5.619209972416291388e-01 5.564133561167674547e-01
2.462098595135807599e+01 5.577047555688697811e-01 5.522723634112488567e-01
2.485001837881256748e+01 5.550589871201820902e-01 5.481477808272494645e-01
2.507905080626706251e+01 5.503140523058704936e-01 5.440398520862371745e-01
2.530808323372155755e+01 5.445708657756787030e-01 5.399488156143543716e-01
2.553711566117605258e+01 5.413920653175759989e-01 5.358749045888915319e-01
2.576614808863054762e+01 5.383702013600734082e-01 5.318183469845927380e-01
2.599518051608503910e+01 5.321932784745486700e-01 5.277793656197956595e-01
2.622421294353953414e+01 5.294157735805898879e-01 5.237581782024035570e-01
2.645324537099402917e+01 5.275103368582715335e-01 5.197549973756914188e-01
2.668227779844852066e+01 5.203519389827928610e-01 5.157700307639444537e-01
2.691131022590301214e+01 5.177582017801894976e-01 5.118034810179297178e-01
2.714034265335750717e+01 5.149113115987158373e-01 5.078555458602018735e-01
2.736937508081200221e+01 5.094791947130866694e-01 5.039264181302416379e-01
2.759840750826649369e+01 5.056841934478172318e-01 5.000162858294266988e-01
2.782743993572098873e+01 5.016696542936210923e-01 4.961253321658356530e-01
2.805647236317548376e+01 4.987614717407828913e-01 4.922537355988876873e-01
2.828550479062997880e+01 4.938917093968966943e-01 4.884016698838123394e-01
2.851453721808447028e+01 4.895721649242499862e-01 4.845693041159531145e-01
2.874356964553896177e+01 4.877958859298191507e-01 4.807568027749055672e-01
2.897260207299344970e+01 4.826785613586250800e-01 4.769643257684877402e-01
2.920163450044795184e+01 4.790371529130225126e-01 4.731920284765431250e-01
2.943066692790243977e+01 4.760337396926485609e-01 4.694400617945778675e-01
2.965969935535694191e+01 4.720377546474818775e-01 4.657085721772303288e-01
2.988873178281142984e+01 4.665081519038008495e-01 4.619977016815748350e-01
3.011776421026592843e+01 4.641549658992236149e-01 4.583075880102566169e-01
3.034679663772042346e+01 4.612976436741316189e-01 4.546383645544627705e-01
3.057582906517491139e+01 4.549403874750928556e-01 4.509901604367234640e-01
3.080486149262941353e+01 4.528134906196135678e-01 4.473631005535480543e-01
3.103389392008390146e+01 4.507087679795423463e-01 4.437573056178942821e-01
3.126292634753838939e+01 4.454526119485066049e-01 4.401728922014699896e-01
3.149195877499289153e+01 4.418130276623366548e-01 4.366099727768676941e-01
3.172099120244737946e+01 4.386842348470620934e-01 4.330686557595347375e-01
3.195002362990187450e+01 4.342146159302528452e-01 4.295490455495721838e-01
3.217905605735636954e+01 4.300873688749419776e-01 4.260512425733719577e-01
3.240808848481086102e+01 4.273946114899268012e-01 4.225753433250827307e-01
3.263712091226535961e+01 4.237399891605247437e-01 4.191214404079121048e-01
3.286615333971985109e+01 4.188595736912305578e-01 4.156896225752600982e-01
3.309518576717434257e+01 4.159563263289064450e-01 4.122799747716871521e-01
3.332421819462884116e+01 4.136755988679450269e-01 4.088925781737131060e-01
3.355325062208333264e+01 4.093830786062269689e-01 4.055275102304528589e-01
3.378228304953783123e+01 4.045083930397511685e-01 4.021848447040810015e-01
3.401131547699232271e+01 4.028635147459071475e-01 3.988646517101337441e-01
3.424034790444680709e+01 3.974426578556476408e-01 3.955669977576404261e-01
3.446938033190131279e+01 3.937799149650954011e-01 3.922919457890903239e-01
3.469841275935579716e+01 3.916601226702988159e-01 3.890395552202325913e-01
3.492744518681029575e+01 3.879227179760552091e-01 3.858098819797077250e-01
3.515647761426478723e+01 3.834279039603752381e-01 3.826029785485141610e-01
3.538551004171927872e+01 3.812495448411702959e-01 3.794188939993070608e-01
3.561454246917377731e+01 3.780122781545351418e-01 3.762576740355296767e-01
3.584357489662826879e+01 3.733960374515755132e-01 3.731193610303797370e-01
3.607260732408276027e+01 3.704989544820251890e-01 3.700039940656062454e-01
3.630163975153725886e+01 3.680914060156726397e-01 3.669116089701425221e-01
3.653067217899175034e+01 3.634031301686599380e-01 3.638422383585700470e-01
3.675970460644624183e+01 3.601713299824428338e-01 3.607959116694161028e-01
3.698873703390074041e+01 3.577248495688643559e-01 3.577726552032858276e-01
3.721776946135522479e+01 3.537084449844412615e-01 3.547724921608248483e-01
3.744680188880973049e+01 3.507373446511692916e-01 3.517954426805183221e-01
3.767583431626421486e+01 3.478568030905167530e-01 3.488415238763196147e-01
3.790486674371871345e+01 3.447903857493013757e-01 3.459107498751156085e-01
3.813389917117320493e+01 3.406034993336919947e-01 3.430031318540227581e-01
3.836293159862769642e+01 3.372542490816820004e-01 3.401186780775158347e-01
3.859196402608220211e+01 3.350629347596140728e-01 3.372573939343930793e-01
3.882099645353668649e+01 3.310512719025626716e-01 3.344192819745724354e-01
3.905002888099117797e+01 3.277379828040841159e-01 3.316043419457185282e-01
3.927906130844567656e+01 3.258165639804608826e-01 3.288125708297075511e-01
3.950809373590016804e+01 3.222991152046528196e-01 3.260439628789232325e-01
3.973712616335465952e+01 3.188881685551248069e-01 3.232985096523832147e-01
3.996615859080915811e+01 3.162961985653000574e-01 3.205762000517042298e-01
4.019519101826364960e+01 3.127080993675793175e-01 3.178770203568950792e-01
4.042422344571814818e+01 3.094521124558442526e-01 3.152009542619860771e-01
4.065325587317263967e+01 3.071162799344810956e-01 3.125479829104903517e-01
4.088228830062713115e+01 3.041414589595717310e-01 3.099180849306984453e-01
4.111132072808162974e+01 3.003290171525961894e-01 3.073112364708060484e-01
4.134035315553611412e+01 2.976662224079404950e-01 3.047274112338762553e-01
4.156938558299061981e+01 2.965743109179855841e-01 3.021665805126316218e-01
4.179841801044510419e+01 2.920533579377836975e-01 2.996287132240834095e-01
4.202745043789959567e+01 2.889856748230653638e-01 2.971137759439906878e-01
4.225648286535409426e+01 2.865829116268205357e-01 2.946217329411550678e-01
4.248551529280858574e+01 2.838809802186363918e-01 2.921525462115471261e-01
4.271454772026308433e+01 2.807562680123820154e-01 2.897061755122662952e-01
4.294358014771757581e+01 2.777170178243431597e-01 2.872825783953343870e-01
4.317261257517206730e+01 2.759440700277454028e-01 2.848817102413204738e-01
4.340164500262656588e+01 2.724187740147473447e-01 2.825035242928030654e-01
4.363067743008105737e+01 2.705503258280300138e-01 2.801479716876602577e-01
4.385970985753554174e+01 2.688697709878961617e-01 2.778150014921963451e-01
4.408874228499004744e+01 2.649220541577129162e-01 2.755045607341010117e-01
4.431777471244453181e+01 2.629044795436318305e-01 2.732165944352411557e-01
4.454680713989903751e+01 2.611903651684959748e-01 2.709510456442866810e-01
4.477583956735352189e+01 2.583926452419297304e-01 2.687078554691679222e-01
4.500487199480801337e+01 2.560142948721472744e-01 2.664869631093679248e-01
4.523390442226251196e+01 2.539300907142431063e-01 2.642883058880467484e-01
4.546293684971700344e+01 2.525530301230749508e-01 2.621118192840005690e-01
4.569196927717150203e+01 2.500088040260666222e-01 2.599574369634508053e-01
4.592100170462599351e+01 2.476591465553477089e-01 2.578250908116702655e-01
4.615003413208048499e+01 2.463863391413970705e-01 2.557147109644390404e-01
4.637906655953498358e+01 2.434462101103384846e-01 2.536262258393354174e-01
4.660809898698947507e+01 2.411410551667902136e-01 2.515595621668607063e-01
4.683713141444395944e+01 2.405427416466368873e-01 2.495146450213940603e-01
4.706616384189846514e+01 2.376392890748592057e-01 2.474913978519847346e-01
4.729519626935295662e+01 2.355215144357004631e-01 2.454897425129731747e-01
4.752422869680744810e+01 2.347165102953944205e-01 2.435095992944482368e-01
4.775326112426194669e+01 2.324696797760121558e-01 2.415508869525383739e-01
4.798229355171643107e+01 2.300554552865446689e-01 2.396135227395305156e-01
4.821132597917093676e+01 2.289321747658511208e-01 2.376974224338299080e-01
4.844035840662542114e+01 2.273186056689619483e-01 2.358025003697458988e-01
4.866939083407991973e+01 2.245317478559724356e-01 2.339286694671154632e-01
4.889842326153441121e+01 2.234046446162906985e-01 2.320758412607596688e-01
4.912745568898890269e+01 2.220749846192693056e-01 2.302439259297691942e-01
4.935648811644340128e+01 2.200857553368535113e-01 2.284328323266296701e-01
4.958552054389789276e+01 2.184497841360386328e-01 2.266424680061728258e-01
4.981455297135238425e+01 2.173034789531962940e-01 2.248727392543658221e-01
5.004358539880688284e+01 2.153648511986657188e-01 2.231235511169343821e-01
5.027261782626137432e+01 2.135913633076494400e-01 2.213948074278124789e-01
5.050165025371586580e+01 2.119688295931510813e-01 2.196864108374357027e-01
5.073068268117036439e+01 2.115494992911009509e-01 2.179982628408556888e-01
5.095971510862484877e+01 2.089568399103823582e-01 2.163302638056986693e-01
5.118874753607935446e+01 2.077285425749444969e-01 2.146823129999495539e-01
5.141777996353383884e+01 2.074776026490425529e-01 2.130543086195727798e-01
5.164681239098833743e+01 2.049325672501779161e-01 2.114461478159661012e-01
5.187584481844282891e+01 2.032721562082755451e-01 2.098577267232466237e-01
5.210487724589732039e+01 2.031690812631524456e-01 2.082889404853689175e-01
5.233390967335182609e+01 2.013448406328821050e-01 2.067396832830805942e-01
5.256294210080631046e+01 1.995946844618332883e-01 2.052098483607059376e-01
5.279197452826080195e+01 1.987191793863904710e-01 2.036993280527641670e-01
5.302100695571530053e+01 1.977518630727087001e-01 2.022080138104258018e-01
5.325003938316979202e+01 1.965062841959621942e-01 2.007357962277921126e-01
5.347907181062428350e+01 1.949023046422316552e-01 1.992825650680181415e-01
5.370810423807878209e+01 1.943884249843416678e-01 1.978482092892635269e-01
5.393713666553327357e+01 1.929122012819472487e-01 1.964326170704742969e-01
5.416616909298777216e+01 1.911581342356785118e-01 1.950356758370047905e-01
5.439520152044226364e+01 1.910263851862648021e-01 1.936572722860674944e-01
5.462423394789674802e+01 1.895336565818402930e-01 1.922972924120159854e-01
5.485326637535125371e+01 1.880983225803321557e-01 1.909556215314637817e-01
5.508229880280573809e+01 1.875067318033489805e-01 1.896321443082339964e-01
5.531133123026024379e+01 1.866647630851707151e-01 1.883267447781432902e-01
5.554036365771472816e+01 1.845392482703282766e-01 1.870393063736213446e-01
5.576939608516921965e+01 1.841090041859583526e-01 1.857697119481560855e-01
5.599842851262371823e+01 1.835966428996906596e-01 1.845178438005803667e-01
5.622746094007820972e+01 1.818730434211854319e-01 1.832835836991882905e-01
5.645649336753270120e+01 1.811405043169228291e-01 1.820668129056833007e-01
5.668552579498719979e+01 1.808745381970489341e-01 1.808674121989625738e-01
5.691455822244169127e+01 1.790676511865789411e-01 1.796852618987294370e-01
5.714359064989618986e+01 1.782458881963517039e-01 1.785202418889478559e-01
5.737262307735068134e+01 1.776480020053526898e-01 1.773722316411208144e-01
5.760165550480516572e+01 1.765574899758042826e-01 1.762411102374050742e-01
5.783068793225965720e+01 1.750426967012682078e-01 1.751267563935625660e-01
5.805972035971415579e+01 1.747795813679031141e-01 1.740290484817410555e-01
5.828875278716864727e+01 1.745225150512423884e-01 1.729478645530872494e-01
5.851778521462313876e+01 1.726469352308504512e-01 1.718830823601961155e-01
5.874681764207763734e+01 1.720966851747252335e-01 1.708345793793948075e-01
5.897585006953212883e+01 1.719593027918943917e-01 1.698022328328505082e-01
5.920488249698662742e+01 1.699819865044282508e-01 1.687859197105226750e-01
5.943391492444111890e+01 1.697193853953865850e-01 1.677855167919454216e-01
5.966294735189560328e+01 1.693919080375477226e-01 1.668009006678346506e-01
5.989197977935010897e+01 1.680046707099477066e-01 1.658319477615403381e-01
6.012101220680459335e+01 1.671374025361132554e-01 1.648785343503254563e-01
6.035004463425909904e+01 1.666969585127172360e-01 1.639405365864795572e-01
6.057907706171358342e+01 1.663507895402263626e-01 1.630178305182630460e-01
6.080810948916807490e+01 1.650137462667080335e-01 1.621102921106892802e-01
6.103714191662256638e+01 1.640304629639073031e-01 1.612177972661353875e-01
6.126617434407706497e+01 1.642391174401813259e-01 1.603402218447908256e-01
6.149520677153157067e+01 1.629009256152995633e-01 1.594774416849335241e-01
6.172423919898605504e+01 1.621737404122312598e-01 1.586293326230440170e-01
6.195327162644054653e+01 1.620886471550267161e-01 1.577957705137506272e-01
6.218230405389503090e+01 1.609368590315599645e-01 1.569766312496047866e-01
6.241133648134953660e+01 1.600692507657694441e-01 1.561717907806994265e-01
6.264036890880403519e+01 1.596555887574680754e-01 1.553811251341058186e-01
6.286940133625852667e+01 1.592124628008174947e-01 1.546045104331605913e-01
6.309843376371301815e+01 1.581845387033589956e-01 1.538418229165687268e-01
6.332746619116750253e+01 1.575558181274298863e-01 1.530929389573502941e-01
6.355649861862200822e+01 1.574977890696591110e-01 1.523577350816230913e-01
6.378553104607649260e+01 1.566814680338391164e-01 1.516360879872036271e-01
6.401456347353099829e+01 1.554306781713737651e-01 1.509278745620620810e-01
6.424359590098548267e+01 1.558117989672526127e-01 1.502329719025893018e-01
6.447262832843996705e+01 1.546040946438209662e-01 1.495512573317129834e-01
6.470166075589447985e+01 1.535997120773474334e-01 1.488826084168407837e-01
6.493069318334896423e+01 1.539967893516873965e-01 1.482269029876313871e-01
6.515972561080346281e+01 1.531101160395464955e-01 1.475840191536102186e-01
6.538875803825796140e+01 1.519329383941854517e-01 1.469538353216137683e-01
6.561779046571244578e+01 1.518732248994364709e-01 1.463362302130526982e-01
6.584682289316693016e+01 1.513844134704287192e-01 1.457310828810393921e-01
6.607585532062142875e+01 1.503940253704304786e-01 1.451382727273152762e-01
6.630488774807594154e+01 1.499683402665366871e-01 1.445576795190331443e-01
6.653392017553042592e+01 1.496814014450431607e-01 1.439891834053657060e-01
6.676295260298491030e+01 1.489417508674102109e-01 1.434326649339436044e-01
6.699198503043940889e+01 1.485047874594002393e-01 1.428880050671361146e-01
6.722101745789390748e+01 1.482453680738009261e-01 1.423550851981521259e-01
6.745004988534840606e+01 1.472954227387272830e-01 1.418337871669879402e-01
6.767908231280289044e+01 1.466117131041447252e-01 1.413239932761958806e-01
6.790811474025738903e+01 1.465531729655682458e-01 1.408255863064969693e-01
6.813714716771187341e+01 1.462470507176610868e-01 1.403384495322197445e-01
6.836617959516637200e+01 1.450364542928190004e-01 1.398624667365724328e-01
6.859521202262085637e+01 1.449667318027254015e-01 1.393975222267514191e-01
6.882424445007536917e+01 1.450332345998622541e-01 1.389435008488809353e-01
6.905327687752985355e+01 1.440382199337868485e-01 1.385002880027886851e-01
6.928230930498433793e+01 1.433901418218385126e-01 1.380677696566068868e-01
6.951134173243883652e+01 1.434945391261808756e-01 1.376458323612191892e-01
6.974037415989333510e+01 1.428767156635489533e-01 1.372343632645277867e-01
6.996940658734783369e+01 1.421036875229339802e-01 1.368332501255616063e-01
7.019843901480231807e+01 1.420369974609781427e-01 1.364423813284146858e-01
7.042747144225681666e+01 1.417201838672243475e-01 1.360616458960177688e-01
7.065650386971131525e+01 1.407964751929223490e-01 1.356909335037513875e-01
7.088553629716579962e+01 1.408394146107838085e-01 1.353301344928675987e-01
7.111456872462029821e+01 1.406514357034661100e-01 1.349791398837821843e-01
7.134360115207479680e+01 1.394870384406932395e-01 1.346378413891617110e-01
7.157263357952928118e+01 1.399186574267669847e-01 1.343061314268745587e-01
7.180166600698376556e+01 1.395204460353547948e-01 1.339839031327549890e-01
7.203069843443826414e+01 1.386816667345006637e-01 1.336710503732119748e-01
7.225973086189277694e+01 1.383708259256788975e-01 1.333674677576585366e-01
7.248876328934726132e+01 1.385545331355498011e-01 1.330730506507955546e-01
7.271779571680174570e+01 1.377918627841905053e-01 1.327876951847048181e-01
7.294682814425624429e+01 1.374109499183908401e-01 1.325112982707892240e-01
7.317586057171074287e+01 1.370848613525412485e-01 1.322437576115458591e-01
7.340489299916522725e+01 1.375059406558525321e-01 1.319849717121649169e-01
7.363392542661972584e+01 1.365168756884779511e-01 1.317348398919690466e-01
7.386295785407422443e+01 1.360880556911973627e-01 1.314932622956803965e-01
7.409199028152870881e+01 1.364211803312533056e-01 1.312601399045291162e-01
7.432102270898320739e+01 1.358976052163705373e-01 1.310353745471868614e-01
7.455005513643770598e+01 1.351020733681660702e-01 1.308188689105264646e-01
7.477908756389220457e+01 1.353920643848183780e-01 1.306105265502395807e-01
7.500811999134668895e+01 1.350333125900408937e-01 1.304102519012628192e-01
7.523715241880117333e+01 1.346558151343765219e-01 1.302179502880488893e-01
7.546618484625568613e+01 1.344811500524230319e-01 1.300335279346690742e-01
7.569521727371017050e+01 1.344711526646752420e-01 1.298568919747464800e-01
7.592424970116466909e+01 1.336259862563715095e-01 1.296879504612237777e-01
7.615328212861915347e+01 1.335506678302782191e-01 1.295266123759655219e-01
7.638231455607365206e+01 1.340532807992179665e-01 1.293727876391992937e-01
7.661134698352813643e+01 1.332046552360089953e-01 1.292263871187658841e-01
7.684037941098263502e+01 1.327918813782460739e-01 1.290873226392378059e-01
7.706941183843713361e+01 1.329638137177274471e-01 1.289555069908470686e-01
7.729844426589163220e+01 1.325400256573279756e-01 1.288308539382481133e-01
7.752747669334611658e+01 1.323400407500303078e-01 1.287132782291226518e-01
7.775650912080060095e+01 1.324740022705898079e-01 1.286026956026128931e-01
7.798554154825511375e+01 1.320433424111704668e-01 1.284990227975851551e-01
7.821457397570961234e+01 1.318114644588193884e-01 1.284021775607303295e-01
7.844360640316409672e+01 1.316792917403908358e-01 1.283120786545042524e-01
7.867263883061858110e+01 1.317936832943568948e-01 1.282286458648832506e-01
7.890167125807307968e+01 1.312236583130753365e-01 1.281518000089634790e-01
7.913070368552757827e+01 1.309604827865693544e-01 1.280814629424039952e-01
7.935973611298206265e+01 1.314826354591916435e-01 1.280175575666826771e-01
7.958876854043657545e+01 1.310291294742888801e-01 1.279600078361974591e-01
7.981780096789105983e+01 1.308018462902384715e-01 1.279087387652018959e-01
8.004683339534554420e+01 1.306376430674503486e-01 1.278636764345573162e-01
8.027586582280004279e+01 1.306841926699168488e-01 1.278247479983535273e-01
8.050489825025454138e+01 1.302766934946641419e-01 1.277918816903170218e-01
8.073393067770903997e+01 1.302747919456494763e-01 1.277650068300911490e-01
8.096296310516352435e+01 1.306187275679570881e-01 1.277440538293202199e-01
8.119199553261802293e+01 1.298643530859155404e-01 1.277289541976006915e-01
8.142102796007252152e+01 1.298050527767229123e-01 1.277196405482242947e-01
8.165006038752700590e+01 1.303354150151675994e-01 1.277160466037805253e-01
8.187909281498150449e+01 1.299881727786373897e-01 1.277181072016003172e-01
8.210812524243600308e+01 1.295167125674964725e-01 1.277257582989928253e-01
8.233715766989048745e+01 1.299908613008693425e-01 1.277389369783779871e-01
8.256619009734497183e+01 1.294993949937814914e-01 1.277575814521806630e-01
8.279522252479947042e+01 1.294059222327633429e-01 1.277816310676160860e-01
8.302425495225398322e+01 1.296522665524061091e-01 1.278110263112757772e-01
8.325328737970846760e+01 1.297837744510723923e-01 1.278457088135687425e-01
8.348231980716295197e+01 1.292148942540145284e-01 1.278856213529631081e-01
8.371135223461745056e+01 1.292147574447460590e-01 1.279307078600996628e-01
8.394038466207194915e+01 1.297781221786017403e-01 1.279809134217164690e-01
8.416941708952643353e+01 1.292881263758281774e-01 1.280361842844057185e-01
8.439844951698093212e+01 1.290428057163432174e-01 1.280964678582146576e-01
8.462748194443543071e+01 1.297886027999243241e-01 1.281617127200684603e-01
8.485651437188991508e+01 1.292599711037844545e-01 1.282318686170355326e-01
8.508554679934441367e+01 1.292371357749062810e-01 1.283068864694219546e-01
8.531457922679889805e+01 1.294719957846846847e-01 1.283867183736967787e-01
8.554361165425341085e+01 1.297395229505991787e-01 1.284713176052515726e-01
8.577264408170789523e+01 1.288729454882580894e-01 1.285606386210003116e-01
8.600167650916237960e+01 1.294103389888822397e-01 1.286546370618030510e-01
8.623070893661689240e+01 1.300857783419981373e-01 1.287532697547236760e-01
8.645974136407137678e+01 1.294323803142972962e-01 1.288564947151266682e-01
8.668877379152587537e+01 1.294226816094888599e-01 1.289642711486063964e-01
8.691780621898035974e+01 1.298408710596775650e-01 1.290765594527366056e-01
8.714683864643485833e+01 1.297419776612222242e-01 1.291933212186762714e-01
8.737587107388934271e+01 1.296528100971195141e-01 1.293145192325863002e-01
8.760490350134384130e+01 1.304733099531760199e-01 1.294401174768931018e-01
8.783393592879833989e+01 1.300037827183747330e-01 1.295700811313793555e-01
8.806296835625283848e+01 1.296197847024344041e-01 1.297043765741154320e-01
8.829200078370732285e+01 1.300572160975739522e-01 1.298429713822029374e-01
8.852103321116180723e+01 1.308383244505579024e-01 1.299858343323831988e-01
8.875006563861632003e+01 1.303403895252775169e-01 1.301329354014576500e-01
8.897909806607081862e+01 1.302875323794846218e-01 1.302842457665391585e-01
8.920813049352530300e+01 1.308093621096851900e-01 1.304397378051505296e-01
8.943716292097978737e+01 1.305218467683029737e-01 1.305993850951475133e-01
8.966619534843428596e+01 1.306273287085520651e-01 1.307631624144726112e-01
8.989522777588878455e+01 1.315903095969208625e-01 1.309310457407542039e-01
9.012426020334326893e+01 1.310683845305518347e-01 1.311030122507200468e-01
9.035329263079776752e+01 1.309372250576538166e-01 1.312790403194694089e-01
9.058232505825226610e+01 1.312915043198178977e-01 1.314591095195376813e-01
9.081135748570675048e+01 1.315561082975275908e-01 1.316432006198574589e-01
9.104038991316124907e+01 1.318398899944883684e-01 1.318312955844677670e-01
9.126942234061574766e+01 1.315196616133748053e-01 1.320233775711555924e-01
9.149845476807024625e+01 1.324327648659738843e-01 1.322194309298426740e-01
9.172748719552473062e+01 1.319364312133772532e-01 1.324194412008462551e-01
9.195651962297921500e+01 1.319847876732638814e-01 1.326233951129806854e-01
9.218555205043372780e+01 1.329484122479048791e-01 1.328312805814718112e-01
9.241458447788821218e+01 1.324549845980245444e-01 1.330430867057187383e-01
9.264361690534271077e+01 1.326908895706273572e-01 1.332588037668737124e-01
9.287264933279719514e+01 1.328725179368776821e-01 1.334784232252648195e-01
9.310168176025169373e+01 1.334939956108389669e-01 1.337019377176602020e-01
9.333071418770617811e+01 1.329352937324519979e-01 1.339293410543527518e-01
9.355974661516067670e+01 1.335499560606729641e-01 1.341606282160719976e-01
9.378877904261518950e+01 1.340411224765150899e-01 1.343957953507591285e-01
9.401781147006967387e+01 1.335887304548205035e-01 1.346348397701262745e-01
9.424684389752415825e+01 1.339298490418109611e-01 1.348777599460992960e-01
9.447587632497864263e+01 1.345209725333436912e-01 1.351245555070666460e-01
9.470490875243315543e+01 1.343910155152983066e-01 1.353752272339757978e-01
9.493394117988763981e+01 1.343503982039659650e-01 1.356297770562207572e-01
9.516297360734213839e+01 1.351986481664595452e-01 1.358882080474260179e-01
9.539200603479663698e+01 1.349996272071346259e-01 1.361505244210396148e-01
9.562103846225112136e+01 1.349918691389513925e-01 1.364167315257321378e-01
9.585007088970561995e+01 1.354734631247221099e-01 1.366868358406378436e-01
9.607910331716010433e+01 1.359117779567762530e-01 1.369608449704849407e-01
9.630813574461461712e+01 1.358512694728489512e-01 1.372387676404744905e-01
9.653716817206910150e+01 1.359571617208974459e-01 1.375206136910485655e-01
9.676620059952358588e+01 1.369593286921395037e-01 1.378063940724841563e-01
9.699523302697808447e+01 1.363353420993803355e-01 1.380961208392876005e-01
9.722426545443258306e+01 1.365814948877648038e-01 1.383898071444734090e-01
9.745329788188708164e+01 1.374398679888687025e-01 1.386874672336387282e-01
9.768233030934156602e+01 1.375157309047891629e-01 1.389891164388674105e-01
9.791136273679606461e+01 1.373548538882116976e-01 1.392947711725099902e-01
9.814039516425054899e+01 1.377929665080172561e-01 1.396044489207479422e-01
9.836942759170504758e+01 1.382643208132903478e-01 1.399181682370111146e-01
9.859846001915954616e+01 1.379502138744094220e-01 1.402359487352372869e-01
9.882749244661404475e+01 1.386405786938427753e-01 1.405578110829486804e-01
9.905652487406852913e+01 1.395333994558558832e-01 1.408837769941932438e-01
9.928555730152301351e+01 1.389274400617105665e-01 1.412138692222352498e-01
9.951458972897751210e+01 1.390883788173294389e-01 1.415481115522287392e-01
9.974362215643202489e+01 1.399133656218352340e-01 1.418865287935395236e-01
9.997265458388650927e+01 1.397797220927289863e-01 1.422291467720716851e-01
1.002016870113409936e+02 1.400248266601695768e-01 1.425759923223045011e-01
1.004307194387954922e+02 1.407588259987219703e-01 1.429270932792123805e-01
1.006597518662499908e+02 1.411368351752199102e-01 1.432824784700509890e-01
1.008887842937044752e+02 1.409413981287873374e-01 1.436421777058937699e-01
1.011178167211589738e+02 1.411910624440273487e-01 1.440062217730717076e-01
1.013468491486134724e+02 1.421022455038127019e-01 1.443746424244158055e-01
1.015758815760679568e+02 1.417954396401138462e-01 1.447474723703577049e-01
1.018049140035224553e+02 1.421723791927715641e-01 1.451247452698006812e-01
1.020339464309769539e+02 1.431703991665179698e-01 1.455064957209176724e-01
1.022629788584314525e+02 1.428370221630093639e-01 1.458927592517011984e-01
1.024920112858859369e+02 1.434016082334856612e-01 1.462835723103821928e-01
1.027210437133404213e+02 1.437636249574411329e-01 1.466789722556919584e-01
1.029500761407949341e+02 1.441679916713086429e-01 1.470789973469355527e-01
1.031791085682494185e+02 1.440809347597183931e-01 1.474836867339047175e-01
1.034081409957039170e+02 1.449768357790421347e-01 1.478930804466084270e-01
1.036371734231584014e+02 1.456978891487214489e-01 1.483072193848868625e-01
1.038662058506129000e+02 1.450695646502116465e-01 1.487261453078051743e-01
1.040952382780673844e+02 1.459791215386172514e-01 1.491499008228945045e-01
1.043242707055218830e+02 1.466051931960903332e-01 1.495785293752519285e-01
1.045533031329763816e+02 1.467279120992029118e-01 1.500120752364395571e-01
1.047823355604308802e+02 1.469931528633225959e-01 1.504505834932253205e-01
1.050113679878853645e+02 1.478504371366333170e-01 1.508941000361758988e-01
1.052404004153398489e+02 1.476506753844397946e-01 1.513426715480558071e-01
1.054694328427943617e+02 1.483276986073335524e-01 1.517963454920967792e-01
1.056984652702488461e+02 1.486098190069544411e-01 1.522551701000465496e-01
1.059274976977033447e+02 1.496277472208788206e-01 1.527191943601040047e-01
1.061565301251578290e+02 1.492944854371358598e-01 1.531884680046460001e-01
1.063855625526123276e+02 1.500498261933386202e-01 1.536630414978219783e-01
1.066145949800668262e+02 1.507332803597243309e-01 1.541429660229591547e-01
1.068436274075213106e+02 1.507503104735260502e-01 1.546282934698047506e-01
1.070726598349758234e+02 1.511645172186493469e-01 1.551190764215991946e-01
1.073016922624303078e+02 1.518544014415948717e-01 1.556153681420065216e-01
1.075307246898847922e+02 1.525263201002478863e-01 1.561172225618316090e-01
1.077597571173392907e+02 1.525399119723468422e-01 1.566246942656239483e-01
1.079887895447937893e+02 1.534334089140838853e-01 1.571378384780697524e-01
1.082178219722482879e+02 1.539573787226886925e-01 1.576567110502373470e-01
1.084468543997027723e+02 1.538736905743932903e-01 1.581813684456679914e-01
1.086758868271572709e+02 1.545303727311015118e-01 1.587118677262656652e-01
1.089049192546117553e+02 1.555027590404815530e-01 1.592482665380515749e-01
1.091339516820662539e+02 1.553425380767595176e-01 1.597906230967506558e-01
1.093629841095207524e+02 1.562364680266175865e-01 1.603389961731780389e-01
1.095920165369752510e+02 1.570446603067576774e-01 1.608934450785010351e-01
1.098210489644297354e+02 1.572339295685148131e-01 1.614540296492851246e-01
1.100500813918842198e+02 1.573293203255121120e-01 1.620208102324585675e-01
1.102791138193387184e+02 1.584821362391604649e-01 1.625938476699975710e-01
1.105081462467932312e+02 1.588632859875850900e-01 1.631732032835259694e-01
1.107371786742477155e+02 1.592664818903654911e-01 1.637589388587398498e-01
1.109662111017021999e+02 1.597610451368432216e-01 1.643511166296035275e-01
1.111952435291566985e+02 1.610578673337686173e-01 1.649497992624792131e-01
1.114242759566111971e+02 1.606195354035937495e-01 1.655550498399814829e-01
1.116533083840656815e+02 1.614301195744884121e-01 1.661669318447679677e-01
1.118823408115201801e+02 1.627295111141480177e-01 1.667855091430744396e-01
1.121113732389746787e+02 1.629023089165447524e-01 1.674108459681427907e-01
1.123404056664291630e+02 1.632150246351068978e-01 1.680430069034644369e-01
1.125694380938836616e+02 1.646025922780297579e-01 1.686820568658359831e-01
1.127984705213381460e+02 1.647725978135847480e-01 1.693280610882745008e-01
1.130275029487926588e+02 1.650579328361126696e-01 1.699810851027600822e-01
1.132565353762471432e+02 1.658944653542043512e-01 1.706411947228297366e-01
1.134855678037016276e+02 1.668444258679133152e-01 1.713084560259169054e-01
1.137146002311561261e+02 1.671698618491975208e-01 1.719829353356849833e-01
1.139436326586106247e+02 1.676554106964064095e-01 1.726646992040135331e-01
1.141726650860651233e+02 1.694680664173688345e-01 1.733538143929641562e-01
1.144016975135196077e+02 1.694356949427982262e-01 1.740503478564820738e-01
1.146307299409741063e+02 1.700533838988609603e-01 1.747543667220106678e-01
1.148597623684285907e+02 1.715979457040769374e-01 1.754659382718083693e-01
1.150887947958831035e+02 1.714921728544439028e-01 1.761851299243336055e-01
1.153178272233375736e+02 1.721257907699818845e-01 1.769120092151289236e-01
1.155468596507920864e+02 1.737424383229937142e-01 1.776466437779331831e-01
1.157758920782465708e+02 1.742647536598456171e-01 1.783891013252214275e-01
1.160049245057010552e+02 1.749770415035859505e-01 1.791394496289306359e-01
1.162339569331555680e+02 1.755242136321659152e-01 1.798977565007722490e-01
1.164629893606100381e+02 1.772711064003184012e-01 1.806640897725053097e-01
1.166920217880645509e+02 1.774890963866757598e-01 1.814385172759986897e-01
1.169210542155190353e+02 1.782213743207413104e-01 1.822211068231366360e-01
1.171500866429735339e+02 1.800211489634620798e-01 1.830119261855665536e-01
1.173791190704280467e+02 1.805864352934995198e-01 1.838110430742056489e-01
1.176081514978825027e+02 1.811097725078606169e-01 1.846185251187890675e-01
1.178371839253370155e+02 1.830060212461364355e-01 1.854344398469356114e-01
1.180662163527915141e+02 1.834670504473276953e-01 1.862588546633191788e-01
1.182952487802459984e+02 1.839976324016555087e-01 1.870918368285470756e-01
1.185242812077005112e+02 1.855855187015311436e-01 1.879334534379059340e-01
1.187533136351549814e+02 1.868812884107045602e-01 1.887837713999040989e-01
1.189823460626094942e+02 1.873724512539502451e-01 1.896428574146938328e-01
1.192113784900639786e+02 1.883964442759768765e-01 1.905107779523141087e-01
1.194404109175184630e+02 1.900939135613488873e-01 1.913875992307228213e-01
1.196694433449729900e+02 1.907969358884054611e-01 1.922733871937665762e-01
1.198984757724274459e+02 1.916731610061709057e-01 1.931682074888287359e-01
1.201275081998819587e+02 1.930049520396838469e-01 1.940721254444632282e-01
1.203565406273364289e+02 1.940320336115828326e-01 1.949852060477523796e-01
1.205855730547909417e+02 1.946187535243381894e-01 1.959075139216158168e-01
1.208146054822454545e+02 1.963111313894649046e-01 1.968391133017454719e-01
1.210436379096999104e+02 1.979024157324623667e-01 1.977800680136454770e-01
1.212726703371544374e+02 1.981292049824773804e-01 1.987304414492838400e-01
1.215017027646088934e+02 1.993458139181601696e-01 1.996902965436755939e-01
1.217307351920634062e+02 2.014129219770019741e-01 2.006596957513001045e-01
1.219597676195179190e+02 2.012536592621808063e-01 2.016387010223144871e-01
1.221888000469723892e+02 2.028427627093461472e-01 2.026273737786177531e-01
1.224178324744269020e+02 2.043627415597218389e-01 2.036257748897904729e-01
1.226468649018813579e+02 2.055484138673110972e-01 2.046339646487651265e-01
1.228758973293358849e+02 2.063885439182507331e-01 2.056520027474338652e-01
1.231049297567903977e+02 2.076486979821758339e-01 2.066799482520548792e-01
1.233339621842448537e+02 2.089991683856866067e-01 2.077178595784283655e-01
1.235629946116993665e+02 2.093538117817554944e-01 2.087657944670483490e-01
1.237920270391538367e+02 2.108745242253032282e-01 2.098238099579145532e-01
1.240210594666083495e+02 2.127380184554885645e-01 2.108919623653282283e-01
1.242500918940628623e+02 2.133507315100183210e-01 2.119703072524110055e-01
1.244791243215173324e+02 2.142925115381424661e-01 2.130588994055351848e-01
1.247081567489718452e+02 2.163637086278444865e-01 2.141577928085576232e-01
1.249371891764263012e+02 2.167025751590089810e-01 2.152670406168239181e-01
1.251662216038808140e+02 2.181629803323700267e-01 2.163866951311657072e-01
1.253952540313353268e+02 2.194192578498918023e-01 2.175168077715329829e-01
1.256242864587897969e+02 2.207468086778501259e-01 2.186574290506364260e-01
1.258533188862443097e+02 2.215155237239658792e-01 2.198086085472926166e-01
1.260823513136987799e+02 2.227395249689366752e-01 2.209703948796573059e-01
1.263113837411532927e+02 2.250920337847844288e-01 2.221428356783363978e-01
1.265404161686077771e+02 2.255720739861982460e-01 2.233259775592121299e-01
1.267694485960622615e+02 2.261848620610596439e-01 2.245198660962429704e-01
1.269984810235167743e+02 2.289036703821046570e-01 2.257245457939622557e-01
1.272275134509712444e+02 2.291385641409508789e-01 2.269400600599242590e-01
1.274565458784257572e+02 2.302945778624438944e-01 2.281664511769056491e-01
1.276855783058802416e+02 2.320677334328229702e-01 2.294037602749865179e-01
1.279146107333347402e+02 2.334827747504597539e-01 2.306520273033911550e-01
1.281436431607892530e+02 2.340206070114496661e-01 2.319112910023231333e-01
1.283726755882437089e+02 2.364175329508433898e-01 2.331815888744161180e-01
1.286017080156982217e+02 2.374069171905102138e-01 2.344629571561958337e-01
1.288307404431527061e+02 2.386518688136139432e-01 2.357554307892779089e-01
1.290597728706071905e+02 2.396275338927131293e-01 2.370590433914648854e-01
1.292888052980617317e+02 2.418503018816437478e-01 2.383738272275695569e-01
1.295178377255161877e+02 2.424993702977920051e-01 2.396998131802381693e-01
1.297468701529707005e+02 2.438893258420372911e-01 2.410370307204297013e-01
1.299759025804251849e+02 2.462377718925828629e-01 2.423855078778215655e-01
1.302049350078796692e+02 2.465762401425763695e-01 2.437452712111299324e-01
1.304339674353341820e+02 2.481707952424992425e-01 2.451163457780067556e-01
1.306629998627886380e+02 2.497113160788239083e-01 2.464987551050711601e-01
1.308920322902431792e+02 2.514811407993887138e-01 2.478925211575868370e-01
1.311210647176976352e+02 2.523310704056380693e-01 2.492976643090218658e-01
1.313500971451521480e+02 2.534176378803421059e-01 2.507142033104000634e-01
1.315791295726066608e+02 2.559320382636207647e-01 2.521421552596148086e-01
1.318081620000611167e+02 2.565520159428313907e-01 2.535815355704249541e-01
1.320371944275156295e+02 2.581121836675235870e-01 2.550323579413457109e-01
1.322662268549700855e+02 2.605344025342663516e-01 2.564946343244333127e-01
1.324952592824246267e+02 2.609217191404479830e-01 2.579683748937789955e-01
1.327242917098791395e+02 2.624248611353695582e-01 2.594535880139050565e-01
1.329533241373335954e+02 2.643929087246111864e-01 2.609502802080202466e-01
1.331823565647881082e+02 2.653116380232575233e-01 2.624584561260891458e-01
1.334113889922425642e+02 2.666947313336606729e-01 2.639781185126425789e-01
1.336404214196970770e+02 2.684823924556769548e-01 2.655092681746286654e-01
1.338694538471515898e+02 2.710385088927388386e-01 2.670519039488610247e-01
1.340984862746060742e+02 2.712476933423659808e-01 2.686060226694455544e-01
1.343275187020605870e+02 2.726465821989392802e-01 2.701716191350378993e-01
1.345565511295150429e+02 2.750932312086800113e-01 2.717486860758152045e-01
1.347855835569695557e+02 2.759114635166202700e-01 2.733372141204850614e-01
1.350146159844240685e+02 2.772133947280159827e-01 2.749371917629117035e-01
1.352436484118785245e+02 2.795236557492937202e-01 2.765486053287016799e-01
1.354726808393330373e+02 2.807991557347023215e-01 2.781714389416231614e-01
1.357017132667875217e+02 2.818236989943216919e-01 2.798056744897473580e-01
1.359307456942420345e+02 2.838575703155699070e-01 2.814512915916430602e-01
1.361597781216965473e+02 2.865706691627803449e-01 2.831082675621294231e-01
1.363888105491510032e+02 2.869010130108402001e-01 2.847765773780335241e-01
1.366178429766055160e+02 2.880364445975855947e-01 2.864561936438245748e-01
1.368468754040599720e+02 2.909413875133241012e-01 2.881470865568901973e-01
1.370759078315144848e+02 2.916195836180228151e-01 2.898492238728350157e-01
1.373049402589689691e+02 2.936173784278401366e-01 2.915625708704872032e-01
1.375339726864234819e+02 2.954831919334104939e-01 2.932870903168335319e-01
1.377630051138779947e+02 2.967270533392429299e-01 2.950227424317122815e-01
1.379920375413324507e+02 2.988762517133739527e-01 2.967694848523803608e-01
1.382210699687869635e+02 3.005132017605102179e-01 2.985272725978652120e-01
1.384501023962414479e+02 3.018676365697047226e-01 3.002960580332315610e-01
1.386791348236959323e+02 3.031393436767665372e-01 3.020757908336004216e-01
1.389081672511504451e+02 3.055209331340209000e-01 3.038664179480786154e-01
1.391371996786049294e+02 3.071747002732176934e-01 3.056678835634360492e-01
1.393662321060594422e+02 3.090966005179865417e-01 3.074801290676706933e-01
1.395952645335139266e+02 3.098672616468798879e-01 3.093030930134259004e-01
1.398242969609684110e+02 3.136288099507399396e-01 3.111367110811308900e-01
1.400533293884229238e+02 3.141895254025723894e-01 3.129809160421609393e-01
1.402823618158773797e+02 3.154977476993398033e-01 3.148356377216464108e-01
1.405113942433318925e+02 3.184611446443730842e-01 3.167008029612222164e-01
1.407404266707863769e+02 3.196584081247572651e-01 3.185763355815229292e-01
1.409694590982408897e+02 3.204867058701865723e-01 3.204621563447224708e-01
1.411984915256954025e+02 3.235508581772737480e-01 3.223581829165507728e-01
1.414275239531498585e+02 3.262171178660081550e-01 3.242643298284781928e-01
1.416565563806043713e+02 3.259641000187182835e-01 3.261805084395691945e-01
1.418855888080588272e+02 3.294671671673847224e-01 3.281066268982105183e-01
1.421146212355133400e+02 3.320544840577353551e-01 3.300425901035736187e-01
1.423436536629678528e+02 3.327132924490548982e-01 3.319882996671993380e-01
1.425726860904223372e+02 3.339595328169289723e-01 3.339436538739376514e-01
1.428017185178768500e+02 3.370619834366519463e-01 3.359085476432945305e-01
1.430307509453313060e+02 3.386153260810587651e-01 3.378828724900954650e-01
1.432597833727858188e+02 3.395335334839162389e-01 3.398665164852653353e-01
1.434888158002403316e+02 3.422827846786642425e-01 3.418593642164368673e-01
1.437178482276947875e+02 3.453731985856586806e-01 3.438612967482577720e-01
1.439468806551493003e+02 3.455597997706494340e-01 3.458721915826643567e-01
1.441759130826037847e+02 3.482267424482914375e-01 3.478919226188794678e-01
1.444049455100582975e+02 3.520888468144345862e-01 3.499203601133127894e-01
1.446339779375128103e+02 3.509387257352820089e-01 3.519573706393456236e-01
1.448630103649672662e+02 3.540254577926255086e-01 3.540028170467477420e-01
1.450920427924217790e+02 3.570841299212401121e-01 3.560565584211718426e-01
1.453210752198762350e+02 3.583042571972971935e-01 3.581184500433158835e-01
1.455501076473307478e+02 3.592499108830232712e-01 3.601883433480029262e-01
1.457791400747852606e+02 3.631216383566184258e-01 3.622660858829787056e-01
1.460081725022397450e+02 3.654273949333480820e-01 3.643515212677950199e-01
1.462372049296942578e+02 3.666322701092413205e-01 3.664444891521623782e-01
1.464662373571487137e+02 3.688168445871122247e-01 3.685448251745152559e-01
1.466952697846032265e+02 3.720785759329001130e-01 3.706523609199998681e-01
1.469243022120577109e+02 3.725496099126915928e-01 3.727669238788463013e-01
1.471533346395121953e+02 3.741767106048081715e-01 3.748883374038607941e-01
1.473823670669667081e+02 3.783367021144536380e-01 3.770164206685024944e-01
1.476113994944211925e+02 3.790141471593535538e-01 3.791509886241490324e-01
1.478404319218757053e+02 3.812572811996419730e-01 3.812918519576837251e-01
1.480694643493301896e+02 3.838156836596498533e-01 3.834388170485458769e-01
1.482984967767846740e+02 3.874004992942805536e-01 3.855916859258945451e-01
1.485275292042391868e+02 3.869746704714772112e-01 3.877502562254298013e-01
1.487565616316936428e+02 3.905993168408474214e-01 3.899143211461499892e-01
1.489855940591481556e+02 3.928410719492254621e-01 3.920836694067940109e-01
1.492146264866026684e+02 3.937971658545167952e-01 3.942580852024054061e-01
1.494436589140571527e+02 3.966647773194075799e-01 3.964373481603544747e-01
1.496726913415116655e+02 4.006089510704606282e-01 3.986212332964816363e-01
1.499017237689661215e+02 4.007444046186675046e-01 4.008095109709458592e-01
1.501307561964206343e+02 4.035833695203131510e-01 4.030019468439837160e-01
1.503597886238751187e+02 4.077434927190451419e-01 4.051983018313981000e-01
1.505888210513296031e+02 4.091050094376740276e-01 4.073983320599307567e-01
1.508178534787841159e+02 4.097795780136627153e-01 4.096017888225598202e-01
1.510468859062386002e+02 4.137382774146441955e-01 4.118084185334439096e-01
1.512759183336931130e+02 4.163570758772262015e-01 4.140179626828605075e-01
1.515049507611475974e+02 4.179133268800016565e-01 4.162301577918622320e-01
1.517339831886020818e+02 4.193671203214488497e-01 4.184447353669169534e-01
1.519630156160565946e+02 4.233916584529006655e-01 4.206614218541520622e-01
1.521920480435110505e+02 4.251687861159074711e-01 4.228799385936736766e-01
1.524210804709655633e+02 4.270786142759536719e-01 4.251000017736094039e-01
1.526501128984200477e+02 4.314380345562148222e-01 4.273213223838357999e-01
1.528791453258745605e+02 4.329111144900702479e-01 4.295436061699685060e-01
1.531081777533290733e+02 4.339859887654466397e-01 4.317665535865565229e-01
1.533372101807835293e+02 4.366447669492336536e-01 4.339898597507428346e-01
1.535662426082380421e+02 4.401833014640044173e-01 4.362132143954176589e-01
1.537952750356924980e+02 4.397998859651072179e-01 4.384363018220358010e-01
1.540243074631470108e+02 4.429596119794571019e-01 4.406588008538580015e-01
1.542533398906015520e+02 4.475278981366477837e-01 4.428803847883542866e-01
1.544823723180560080e+02 4.470683162898531626e-01 4.451007213499194592e-01
1.547114047455105208e+02 4.496569934024532977e-01 4.473194726421910183e-01
1.549404371729649768e+02 4.550620565066306744e-01 4.495362951001758423e-01
1.551694696004194896e+02 4.535837009770413708e-01 4.517508394424710749e-01
1.553985020278740024e+02 4.567897236822021090e-01 4.539627506230125009e-01
1.556275344553284583e+02 4.589039966416703642e-01 4.561716677827449828e-01
1.558565668827829995e+02 4.598612197456831141e-01 4.583772242013707254e-01
1.560855993102374555e+02 4.640053738952322759e-01 4.605790472484092568e-01
1.563146317376919683e+02 4.642987212705071420e-01 4.627767583346992231e-01
1.565436641651464811e+02 4.682780091765559316e-01 4.649699728632951667e-01
1.567726965926009370e+02 4.695917724256858938e-01 4.671583001803063517e-01
1.570017290200554498e+02 4.714879232269214571e-01 4.693413435257377531e-01
1.572307614475099058e+02 4.755445581582679049e-01 4.715186999838592019e-01
1.574597938749644470e+02 4.758867926762602174e-01 4.736899604337698744e-01
1.576888263024189314e+02 4.761613633991276795e-01 4.758547094993774151e-01
1.579178587298734158e+02 4.803464911194180731e-01 4.780125254997001361e-01
1.581468911573279286e+02 4.824980021883965020e-01 4.801629803985445477e-01
1.583759235847823845e+02 4.830562792666475147e-01 4.823056397542161422e-01
1.586049560122368973e+02 4.865070822982638932e-01 4.844400626692383360e-01
1.588339884396913817e+02 4.899935350859081495e-01 4.865658017394410839e-01
1.590630208671458945e+02 4.888763554210849294e-01 4.886824030034671029e-01
1.592920532946004073e+02 4.927970937552206276e-01 4.907894058915674429e-01
1.595210857220548633e+02 4.962395927637446857e-01 4.928863431746018930e-01
1.597501181495093761e+02 4.946452154785762612e-01 4.949727409127015476e-01
1.599791505769638604e+02 4.988477593417176004e-01 4.970481184038879618e-01
1.602081830044183448e+02 5.002973969043004177e-01 4.991119881322437224e-01
1.604372154318728576e+02 5.010863887159960894e-01 5.011638557163764496e-01
1.606662478593273136e+02 5.038707037948378931e-01 5.032032198572358173e-01
1.608952802867818548e+02 5.047707595008299464e-01 5.052295722861184224e-01
1.611243127142363392e+02 5.084842402299044606e-01 5.072423977123027283e-01
1.613533451416908235e+02 5.099239322130350027e-01 5.092411737705945241e-01
1.615823775691453363e+02 5.094499757380855920e-01 5.112253709687906156e-01
1.618114099965997923e+02 5.145101393706635884e-01 5.131944526346716717e-01
1.620404424240543051e+02 5.140681946198131236e-01 5.151478748633273597e-01
1.622694748515087895e+02 5.122843099131161315e-01 5.170850864638011357e-01
1.624985072789633023e+02 5.196558827038608719e-01 5.190055289057405874e-01
1.627275397064178151e+02 5.180018803680460637e-01 5.209086362662136427e-01
1.629565721338722710e+02 5.204307364542282155e-01 5.227938351758614210e-01
1.631856045613267838e+02 5.210449729433906940e-01 5.246605447651671028e-01
1.634146369887812398e+02 5.266593519867255324e-01 5.265081766103877348e-01
1.636436694162357526e+02 5.230084075420639023e-01 5.283361346796510150e-01
1.638727018436902654e+02 5.280810079690825276e-01 5.301438152784013758e-01
1.641017342711447498e+02 5.286574531560160883e-01 5.319306069951648119e-01
1.643307666985992626e+02 5.293762973789708504e-01 5.336958906467289543e-01
1.645597991260537185e+02 5.299910134958246699e-01 5.354390392234112950e-01
1.647888315535082313e+02 5.354329352729134683e-01 5.371594178341003722e-01
1.650178639809627441e+02 5.345386923518793409e-01 5.388563836511424121e-01
1.652468964084172001e+02 5.345152789465711374e-01 5.405292858550734270e-01
1.654759288358717129e+02 5.379224598456838757e-01 5.421774655789911579e-01
1.657049612633261972e+02 5.400827804317649417e-01 5.438002558531159769e-01
1.659339936907807100e+02 5.414294402481969470e-01 5.453969815489195794e-01
1.661630261182352228e+02 5.420932403219668183e-01 5.469669593229892213e-01
1.663920585456896788e+02 5.439708875562090373e-01 5.485094975613222790e-01
1.666210909731441916e+02 5.461040635188931791e-01 5.500238963224935995e-01
1.668501234005986475e+02 5.448482492960493584e-01 5.515094472815466053e-01
1.670791558280531603e+02 5.467335327164958292e-01 5.529654336733214048e-01
1.673081882555076731e+02 5.492219156556321646e-01 5.543911302354718185e-01
1.675372206829621575e+02 5.467248975752608819e-01 5.557858031516935693e-01
1.677662531104166703e+02 5.512321229349210761e-01 5.571487099946041965e-01
1.679952855378711263e+02 5.537849217390816703e-01 5.584790996680525366e-01
1.682243179653256391e+02 5.543310025032712751e-01 5.597762123503140508e-01
1.684533503927801235e+02 5.537636551312914435e-01 5.610392794358144419e-01
1.686823828202346078e+02 5.607752157707168728e-01 5.622675234777771980e-01
1.689114152476891206e+02 5.487645330231236684e-01 5.634601581299087947e-01
1.691404476751436050e+02 5.603660465123437850e-01 5.646163880886261310e-01
1.693694801025981178e+02 5.573142279629470508e-01 5.657354090343875708e-01
1.695985125300526022e+02 5.559479235636259897e-01 5.668164075735386831e-01
1.698275449575070866e+02 5.619761267384818515e-01 5.678585611794340071e-01
1.700565773849615994e+02 5.660244671933760685e-01 5.688610381338122801e-01
1.702856098124160553e+02 5.617343610412021127e-01 5.698229974676083387e-01
1.705146422398705681e+02 5.649349232218493500e-01 5.707435889021629238e-01
1.707436746673250525e+02 5.675465477392898084e-01 5.716219527894869090e-01
1.709727070947795653e+02 5.686704987009248979e-01 5.724572200532558330e-01
1.712017395222340781e+02 5.630400859570033889e-01 5.732485121287089758e-01
1.714307719496885341e+02 5.671114683981129945e-01 5.739949409032122363e-01
1.716598043771430468e+02 5.730797418542854516e-01 5.746956086560363053e-01
1.718888368045975312e+02 5.647462193851662260e-01 5.753496079984383726e-01
1.721178692320520156e+02 5.753019885395269650e-01 5.759560218131356546e-01
1.723469016595065284e+02 5.693149880415276920e-01 5.765139231940834552e-01
1.725759340869610128e+02 5.777075838298567634e-01 5.770223753855118209e-01
1.728049665144155256e+02 5.736255208192582167e-01 5.774804317214216054e-01
1.730339989418700100e+02 5.744138532914924156e-01 5.778871355644663588e-01
1.732630313693244943e+02 5.757004710950310855e-01 5.782415202448899505e-01
1.734920637967790071e+02 5.745869311777733746e-01 5.785426089990489684e-01
1.737210962242334631e+02 5.704732538171224387e-01 5.787894149081679318e-01
1.739501286516879759e+02 5.889954940879718048e-01 5.789809408365851340e-01
1.741791610791424603e+02 5.690769430548656693e-01 5.791161793699000082e-01
1.744081935065969731e+02 5.775295067667465254e-01 5.791941127531083922e-01
1.746372259340514859e+02 5.824249938695441609e-01 5.792137128283619818e-01
1.748662583615059418e+02 5.727636423641284669e-01 5.791739409727728605e-01
1.750952907889604546e+02 5.936983674824588553e-01 5.790737480358245648e-01
1.753243232164149106e+02 5.771209031255453148e-01 5.789120742768109062e-01
1.755533556438694234e+02 5.901902395073042040e-01 5.786878493019381731e-01
1.757823880713239362e+02 5.739666661904884171e-01 5.783999920015039375e-01
1.760114204987784206e+02 5.870833990317688711e-01 5.780474104865563900e-01
1.762404529262329334e+02 5.923239781937146287e-01 5.776290020258417757e-01
1.764694853536873893e+02 5.754994654291336609e-01 5.771436529820596073e-01
1.766985177811419021e+02 5.742928230922628163e-01 5.765902387483843317e-01
1.769275502085964149e+02 6.163453569186188030e-01 5.759676236846157371e-01
1.771565826360508709e+02 5.756405057357076860e-01 5.752746610532247784e-01
1.773856150635053837e+02 5.883286679569702526e-01 5.745101929551009734e-01
1.776146474909598680e+02 5.945598322181825379e-01 5.736730502654318054e-01
1.778436799184143808e+02 5.691258541259802683e-01 5.727620525691126119e-01
1.780727123458688936e+02 5.803134285834469219e-01 5.717760080961569180e-01
1.783017447733233496e+02 5.732771655433007707e-01 5.707137136566635682e-01
1.785307772007778624e+02 6.057038851848641769e-01 5.695739545762817935e-01
1.787598096282323183e+02 5.289324786451403693e-01 5.683555046305820424e-01
1.789888420556868311e+02 5.804938140521963552e-01 5.670571259801889807e-01
1.792178744831413439e+02 6.136674240687624016e-01 5.656775691048645527e-01
1.794469069105958283e+02 5.450410100094285060e-01 5.642155727383096897e-01
1.796759393380503411e+02 5.284685813640974672e-01 5.626698638019930199e-01
